"generation"	"timeTotal"	"timeOfIteration"	"fitnessCallCountSoFar"	"fitnessCallCountOfIteration"	"idOfBest"	"costOfBest"	"idOfSecond"	"costOfSecond"	"idOfThird"	"costOfThird"	"idOfWorst"	"costOfWorst"	"idOfMedian"	"costOfMedian"	"diversity"	"geneBalance"	"spentTimeOfMutation"	"spentBudgetOfMutation"	"improvementCountPerRunOfMutation"	"improvementCountPerBudgetOfMutation"	"spentTimeOfMutationOnBest"	"spentBudgetOfMutationOnBest"	"improvementCountPerRunOfMutationOnBest"	"improvementCountPerBudgetOfMutationOnBest"	"spentTimeOfGeneTransfer"	"spentBudgetOfGeneTransfer"	"improvementCountPerRunOfGeneTransfer"	"improvementCountPerBudgetOfGeneTransfer"	"spentTimeOfBoost"	"spentBudgetOfBoost"	"improvementCountPerRunOfBoost"	"improvementCountPerBudgetOfBoost"	"spentTimeOfBoostOnBest"	"spentBudgetOfBoostOnBest"	"improvementCountPerRunOfBoostOnBest"	"improvementCountPerBudgetOfBoostOnBest"	
2	534	534	2150851	2150851	0	946528.0	1	1303973.0	2	1309877.0	99	1392469.0	64	1379608.0	1.7976931348623157E308	0.0	374.741500ms	1100	374.741500ms	2.3951242263024858E-4	374.741500ms	1100	374.741500ms	2.3951242263024858E-4	1.687667800s	100	1.687667800s	0.001174956580009795	0s	0	0s	0.0	0s	0	0s	0.0	
3	941	406	2152050	1199	0	838403.0	78	1158515.0	30	1162428.0	99	1392469.0	40	1374802.0	1.7976931348623157E308	0.0	378.951600ms	1100	378.951600ms	1.0384843823474266E-4	378.951600ms	1100	378.951600ms	1.0384843823474266E-4	275.585800ms	100	275.585800ms	0.008231665861690815	0s	0	0s	0.0	0s	0	0s	0.0	
4	1323	382	2153250	1200	0	767633.0	48	1142165.0	95	1142290.0	99	1392469.0	24	1363816.0	1.7976931348623157E308	0.0	369.329200ms	1100	369.329200ms	7.673680036493622E-5	369.329200ms	1100	369.329200ms	7.673680036493622E-5	99.774200ms	100	99.774200ms	0.01406098335250761	0s	0	0s	0.0	0s	0	0s	0.0	
5	1697	374	2154450	1200	0	718263.0	46	952058.0	17	1055351.0	99	1392469.0	11	1349240.0	1.7976931348623157E308	0.0	362.099400ms	1100	362.099400ms	5.846780711852951E-5	362.099400ms	1100	362.099400ms	5.846780711852951E-5	95.355500ms	100	95.355500ms	0.02618913823445005	0s	0	0s	0.0	0s	0	0s	0.0	
6	2073	375	2155649	1199	0	682640.0	96	858136.0	50	939818.0	89	1390800.0	90	1261716.0	1.7976931348623157E308	0.0	363.081800ms	1100	363.081800ms	4.508730848525605E-5	363.081800ms	1100	363.081800ms	4.508730848525605E-5	93.592900ms	100	93.592900ms	0.05242499427758354	0s	0	0s	0.0	0s	0	0s	0.0	
7	2447	373	2156849	1200	0	649798.0	4	762179.0	30	854767.0	67	1385320.0	23	1111654.0	1.7976931348623157E308	0.0	361.685800ms	1100	361.685800ms	4.373661613202225E-5	361.685800ms	1100	361.685800ms	4.373661613202225E-5	95.714500ms	100	95.714500ms	0.09295542674798529	0s	0	0s	0.0	0s	0	0s	0.0	
8	2826	378	2158049	1200	0	622975.0	47	747555.0	93	759852.0	99	1308544.0	49	1007446.0	1.7976931348623157E308	0.0	366.390500ms	1100	366.390500ms	3.752634734878443E-5	366.390500ms	1100	366.390500ms	3.752634734878443E-5	92.785200ms	100	92.785200ms	0.08638426197803513	0s	0	0s	0.0	0s	0	0s	0.0	
9	3199	373	2159249	1200	0	616200.0	47	747555.0	93	759852.0	63	1279447.0	58	918429.0	1.7976931348623157E308	0.0	359.816200ms	1100	359.816200ms	9.886577967159043E-6	359.816200ms	1100	359.816200ms	9.886577967159043E-6	120.248900ms	100	120.248900ms	0.08149375179958378	0s	0	0s	0.0	0s	0	0s	0.0	
10	3578	378	2160449	1200	0	602748.0	37	615900.0	50	641375.0	1	1061648.0	62	850471.0	1.7976931348623157E308	0.0	366.824ms	1100	366.824ms	1.9845976808002113E-5	366.824ms	1100	366.824ms	1.9845976808002113E-5	96.899900ms	100	96.899900ms	0.08119532194908699	0s	0	0s	0.0	0s	0	0s	0.0	
11	3953	375	2161648	1199	75	542478.0	65	546493.0	40	572795.0	94	946111.0	19	778625.0	1.7976931348623157E308	0.0	362.888800ms	1100	362.888800ms	2.7005104500177042E-5	362.888800ms	1100	362.888800ms	2.7005104500177042E-5	88.094200ms	100	88.094200ms	0.06705808165806289	0s	0	0s	0.0	0s	0	0s	0.0	
12	4329	376	2162848	1200	75	504050.0	29	528553.0	65	546493.0	44	907180.0	68	744980.0	1.7976931348623157E308	0.0	365.352900ms	1100	365.352900ms	6.43980870275761E-5	365.352900ms	1100	365.352900ms	6.43980870275761E-5	83.830100ms	100	83.830100ms	0.05153814532210809	0s	0	0s	0.0	0s	0	0s	0.0	
13	4701	371	2164048	1200	75	494825.0	29	528553.0	65	546493.0	9	832372.0	6	702770.0	1.7976931348623157E308	0.0	361.395600ms	1100	361.395600ms	1.663795979836054E-5	361.395600ms	1100	361.395600ms	1.663795979836054E-5	83.479900ms	100	83.479900ms	0.0386940334419951	0s	0	0s	0.0	0s	0	0s	0.0	
14	5078	376	2165247	1199	75	476052.0	79	502237.0	29	528553.0	77	832344.0	47	670906.0	1.7976931348623157E308	0.0	364.800300ms	1100	364.800300ms	3.4489695622419335E-5	364.800300ms	1100	364.800300ms	3.4489695622419335E-5	88.364200ms	100	88.364200ms	0.04513941263322502	0s	0	0s	0.0	0s	0	0s	0.0	
15	5454	376	2166447	1200	75	451189.0	79	502237.0	74	509624.0	35	725228.0	24	644543.0	1.7976931348623157E308	0.0	364.536400ms	1100	364.536400ms	4.747953432130787E-5	364.536400ms	1100	364.536400ms	4.747953432130787E-5	99.884900ms	100	99.884900ms	0.04061418463367425	0s	0	0s	0.0	0s	0	0s	0.0	
16	5860	405	2167647	1200	75	439071.0	3	491098.0	79	502237.0	59	712163.0	85	615733.0	1.7976931348623157E308	0.0	393.578900ms	1100	393.578900ms	2.4416294804092384E-5	393.578900ms	1100	393.578900ms	2.4416294804092384E-5	95.611900ms	100	95.611900ms	0.03784715974896944	0s	0	0s	0.0	0s	0	0s	0.0	
17	6234	374	2168847	1200	75	420103.0	3	491098.0	79	502237.0	59	712163.0	13	600046.0	1.7976931348623157E308	0.0	363.064400ms	1100	363.064400ms	3.9273002233434623E-5	363.064400ms	1100	363.064400ms	3.9273002233434623E-5	96.600200ms	100	96.600200ms	0.0209921101620404	0s	0	0s	0.0	0s	0	0s	0.0	
18	6606	372	2170046	1199	75	410763.0	3	491098.0	79	502237.0	14	663658.0	96	580204.0	1.7976931348623157E308	0.0	361.253600ms	1100	361.253600ms	2.021149358826075E-5	361.253600ms	1100	361.253600ms	2.021149358826075E-5	87.155300ms	100	87.155300ms	0.02726402359605949	0s	0	0s	0.0	0s	0	0s	0.0	
19	6984	378	2171246	1200	75	403048.0	3	491098.0	79	502237.0	45	657388.0	95	577237.0	1.7976931348623157E308	0.0	367.789200ms	1100	367.789200ms	1.7074654639381748E-5	367.789200ms	1100	367.789200ms	1.7074654639381748E-5	85.242400ms	100	85.242400ms	0.011219795565484959	0s	0	0s	0.0	0s	0	0s	0.0	
20	7364	379	2172446	1200	75	401628.0	1	477437.0	3	491098.0	48	649319.0	52	559946.0	1.7976931348623157E308	0.0	368.328800ms	1100	368.328800ms	3.2028668816346855E-6	368.328800ms	1100	368.328800ms	3.2028668816346855E-6	94.661800ms	100	94.661800ms	0.02070978847064332	0s	0	0s	0.0	0s	0	0s	0.0	
21	7743	379	2173645	1199	75	395157.0	23	446172.0	1	477437.0	87	624541.0	21	547289.0	1.7976931348623157E308	0.0	366.374300ms	1100	366.374300ms	1.4647204061288731E-5	366.374300ms	1100	366.374300ms	1.4647204061288731E-5	119.639300ms	100	119.639300ms	0.01857875218176547	0s	0	0s	0.0	0s	0	0s	0.0	
22	8121	377	2174845	1200	75	391140.0	23	446172.0	1	477437.0	87	621355.0	27	546034.0	1.7976931348623157E308	0.0	364.607600ms	1100	364.607600ms	9.241436142642542E-6	364.607600ms	1100	364.607600ms	9.241436142642542E-6	87.759100ms	100	87.759100ms	0.009479111746785873	0s	0	0s	0.0	0s	0	0s	0.0	
23	8494	372	2176045	1200	75	386416.0	23	446172.0	47	467226.0	62	599481.0	43	540210.0	1.7976931348623157E308	0.0	361.179800ms	1100	361.179800ms	1.0979560910531912E-5	361.179800ms	1100	361.179800ms	1.0979560910531912E-5	93.118400ms	100	93.118400ms	0.011667640890447934	0s	0	0s	0.0	0s	0	0s	0.0	
24	8863	369	2177244	1199	75	384427.0	23	446172.0	47	467226.0	62	599481.0	78	531631.0	1.7976931348623157E308	0.0	358.254ms	1100	358.254ms	4.679365808304616E-6	358.254ms	1100	358.254ms	4.679365808304616E-6	93.504900ms	100	93.504900ms	0.009901280079026934	0s	0	0s	0.0	0s	0	0s	0.0	
25	9231	367	2178444	1200	75	380516.0	94	433097.0	23	446172.0	62	599481.0	76	530020.0	1.7976931348623157E308	0.0	356.952200ms	1100	356.952200ms	9.248711837239742E-6	356.952200ms	1100	356.952200ms	9.248711837239742E-6	91.005600ms	100	91.005600ms	0.008780023940462156	0s	0	0s	0.0	0s	0	0s	0.0	
26	9604	373	2179644	1200	75	376917.0	94	433097.0	23	446172.0	62	599481.0	68	527046.0	1.7976931348623157E308	0.0	361.729700ms	1100	361.729700ms	8.598372162584956E-6	361.729700ms	1100	361.729700ms	8.598372162584956E-6	92.018500ms	100	92.018500ms	0.004199949017852161	0s	0	0s	0.0	0s	0	0s	0.0	
27	9974	369	2180844	1200	75	376756.0	82	414597.0	94	433097.0	62	599481.0	72	523569.0	1.7976931348623157E308	0.0	357.279800ms	1100	357.279800ms	3.8831794894803294E-7	357.279800ms	1100	357.279800ms	3.8831794894803294E-7	102.714300ms	100	102.714300ms	0.010156576976849583	0s	0	0s	0.0	0s	0	0s	0.0	
28	10344	370	2182044	1200	75	371074.0	82	414597.0	94	433097.0	58	587073.0	34	518311.0	1.7976931348623157E308	0.0	360.216500ms	1100	360.216500ms	1.3710344481453675E-5	360.216500ms	1100	360.216500ms	1.3710344481453675E-5	85.099200ms	100	85.099200ms	0.012055940436025408	0s	0	0s	0.0	0s	0	0s	0.0	
29	10715	370	2183243	1199	75	366542.0	82	414597.0	94	433097.0	32	567946.0	39	511420.0	1.7976931348623157E308	0.0	359.517100ms	1100	359.517100ms	1.1102906697855388E-5	359.517100ms	1100	359.517100ms	1.1102906697855388E-5	91.157900ms	100	91.157900ms	0.00561647639108425	0s	0	0s	0.0	0s	0	0s	0.0	
30	11093	377	2184443	1200	75	364351.0	82	414597.0	94	433097.0	32	567946.0	41	507136.0	1.7976931348623157E308	0.0	366.265900ms	1100	366.265900ms	5.434078991815937E-6	366.265900ms	1100	366.265900ms	5.434078991815937E-6	86.365900ms	100	86.365900ms	0.008207390434617644	0s	0	0s	0.0	0s	0	0s	0.0	
31	11462	369	2185643	1200	75	363538.0	82	414597.0	94	433097.0	32	567946.0	79	502237.0	1.7976931348623157E308	0.0	359.068900ms	1100	359.068900ms	2.028513463915002E-6	359.068900ms	1100	359.068900ms	2.028513463915002E-6	87.386800ms	100	87.386800ms	0.007055548659363988	0s	0	0s	0.0	0s	0	0s	0.0	
32	11835	372	2186842	1199	75	356205.0	82	414597.0	59	425394.0	37	561986.0	52	498960.0	1.7976931348623157E308	0.0	361.280500ms	1100	361.280500ms	1.8337460283006544E-5	361.280500ms	1100	361.280500ms	1.8337460283006544E-5	94.703600ms	100	94.703600ms	0.005758393384474781	0s	0	0s	0.0	0s	0	0s	0.0	
33	12213	378	2188042	1200	75	343709.0	82	414597.0	59	425394.0	32	555170.0	33	497398.0	1.7976931348623157E308	0.0	366.401200ms	1100	366.401200ms	3.1891747729537734E-5	366.401200ms	1100	366.401200ms	3.1891747729537734E-5	95.787200ms	100	95.787200ms	0.007936643914366106	0s	0	0s	0.0	0s	0	0s	0.0	
34	12595	381	2189242	1200	75	338265.0	82	414597.0	53	425155.0	91	548015.0	62	495454.0	1.7976931348623157E308	0.0	368.374800ms	1100	368.374800ms	1.4399072788582525E-5	368.374800ms	1100	368.374800ms	1.4399072788582525E-5	97.087300ms	100	97.087300ms	0.007239338537844923	0s	0	0s	0.0	0s	0	0s	0.0	
35	12970	374	2190442	1200	75	337025.0	82	414597.0	53	425155.0	91	548015.0	60	493795.0	1.7976931348623157E308	0.0	362.853600ms	1100	362.853600ms	3.3325136424776736E-6	362.853600ms	1100	362.853600ms	3.3325136424776736E-6	93.942700ms	100	93.942700ms	0.004616702479465482	0s	0	0s	0.0	0s	0	0s	0.0	
36	13342	372	2191642	1200	75	335271.0	82	414597.0	61	414848.0	91	548015.0	10	490741.0	1.7976931348623157E308	0.0	359.713200ms	1100	359.713200ms	4.731237903851205E-6	359.713200ms	1100	359.713200ms	4.731237903851205E-6	113.651300ms	100	113.651300ms	0.004679460676765461	0s	0	0s	0.0	0s	0	0s	0.0	
37	13714	371	2192842	1200	75	334026.0	11	409243.0	82	414597.0	91	531785.0	76	489330.0	1.7976931348623157E308	0.0	360.041ms	1100	360.041ms	3.3758308407770934E-6	360.041ms	1100	360.041ms	3.3758308407770934E-6	94.285300ms	100	94.285300ms	0.002837597476816476	0s	0	0s	0.0	0s	0	0s	0.0	
38	14086	372	2194042	1200	75	329040.0	30	384267.0	11	409243.0	91	531785.0	56	482432.0	1.7976931348623157E308	0.0	361.845800ms	1100	361.845800ms	1.3569983392691766E-5	361.845800ms	1100	361.845800ms	1.3569983392691766E-5	83.926ms	100	83.926ms	0.00807211270341799	0s	0	0s	0.0	0s	0	0s	0.0	
39	14462	376	2195242	1200	75	326725.0	30	384267.0	11	409243.0	91	531785.0	69	480528.0	1.7976931348623157E308	0.0	365.742600ms	1100	365.742600ms	6.396017063413134E-6	365.742600ms	1100	365.742600ms	6.396017063413134E-6	85.536600ms	100	85.536600ms	0.0033161754528638256	0s	0	0s	0.0	0s	0	0s	0.0	
40	14835	373	2196442	1200	75	324614.0	30	384267.0	11	409243.0	91	531785.0	26	479988.0	1.7976931348623157E308	0.0	363.213300ms	1100	363.213300ms	5.873719210623356E-6	363.213300ms	1100	363.213300ms	5.873719210623356E-6	84.599500ms	100	84.599500ms	0.002714365043234043	0s	0	0s	0.0	0s	0	0s	0.0	
41	15203	367	2197642	1200	75	320608.0	30	384267.0	11	409243.0	91	531785.0	26	479988.0	1.7976931348623157E308	0.0	357.287600ms	1100	357.287600ms	1.1218919029426308E-5	357.287600ms	1100	357.287600ms	1.1218919029426308E-5	86.945700ms	100	86.945700ms	0.0015473423681116704	0s	0	0s	0.0	0s	0	0s	0.0	
42	15571	368	2198842	1200	75	318746.0	30	384267.0	92	400031.0	91	531785.0	1	477437.0	1.7976931348623157E308	0.0	357.314ms	1100	357.314ms	5.27974121895667E-6	357.314ms	1100	357.314ms	5.27974121895667E-6	84.294500ms	100	84.294500ms	0.007033459281008092	0s	0	0s	0.0	0s	0	0s	0.0	
43	15950	379	2200042	1200	75	317173.0	30	384267.0	95	389053.0	91	531785.0	21	475298.0	1.7976931348623157E308	0.0	368.429100ms	1100	368.429100ms	4.486330808857186E-6	368.429100ms	1100	368.429100ms	4.486330808857186E-6	90.533400ms	100	90.533400ms	0.006446564515599459	0s	0	0s	0.0	0s	0	0s	0.0	
44	16319	368	2201242	1200	75	315368.0	30	384267.0	95	389053.0	91	531785.0	2	472876.0	1.7976931348623157E308	0.0	357.933100ms	1100	357.933100ms	5.173545954129413E-6	357.933100ms	1100	357.933100ms	5.173545954129413E-6	90.907200ms	100	90.907200ms	0.0017410819597878991	0s	0	0s	0.0	0s	0	0s	0.0	
45	16686	367	2202442	1200	75	313893.0	30	384267.0	95	389053.0	37	521580.0	67	470432.0	1.7976931348623157E308	0.0	357.185300ms	1100	357.185300ms	4.2518869730254965E-6	357.185300ms	1100	357.185300ms	4.2518869730254965E-6	84.344100ms	100	84.344100ms	0.00443796610322888	0s	0	0s	0.0	0s	0	0s	0.0	
46	17060	373	2203642	1200	75	313745.0	30	384267.0	95	389053.0	13	517077.0	99	469228.0	1.7976931348623157E308	0.0	362.186700ms	1100	362.186700ms	4.2863477218501136E-7	362.186700ms	1100	362.186700ms	4.2863477218501136E-7	91.463800ms	100	91.463800ms	0.0036581356764847674	0s	0	0s	0.0	0s	0	0s	0.0	
47	17432	371	2204842	1200	75	313745.0	36	381300.0	30	384267.0	13	517077.0	47	467226.0	1.7976931348623157E308	0.0	359.327400ms	1100	359.327400ms	0.0	359.327400ms	1100	359.327400ms	0.0	103.069600ms	100	103.069600ms	0.006368504156942353	0s	0	0s	0.0	0s	0	0s	0.0	
48	18008	576	2208043	3201	75	311327.0	36	381300.0	30	384267.0	13	517077.0	22	465641.0	1.7976931348623157E308	0.0	353.408ms	1100	353.408ms	7.006268843110912E-6	353.408ms	1100	353.408ms	7.006268843110912E-6	107.689300ms	100	107.689300ms	0.0022903524708608415	209.542400ms	2001	209.542400ms	0.0	209.542400ms	2001	209.542400ms	0.0	
49	18380	371	2209243	1200	75	310120.0	36	381300.0	30	384267.0	13	517077.0	78	464220.0	1.7976931348623157E308	0.0	361.548300ms	1100	361.548300ms	3.5245022991026166E-6	361.548300ms	1100	361.548300ms	3.5245022991026166E-6	85.219700ms	100	85.219700ms	0.0018718576236298268	0s	0	0s	0.0	0s	0	0s	0.0	
50	18755	375	2210443	1200	75	310059.0	36	381300.0	30	384267.0	91	507214.0	84	463620.0	1.7976931348623157E308	0.0	364.705300ms	1100	364.705300ms	1.7881641124252066E-7	364.705300ms	1100	364.705300ms	1.7881641124252066E-7	85.964ms	100	85.964ms	0.004838573555872098	0s	0	0s	0.0	0s	0	0s	0.0	
51	19140	385	2211642	1199	75	309563.0	36	381300.0	30	384267.0	91	507214.0	7	460865.0	1.7976931348623157E308	0.0	375.324600ms	1100	375.324600ms	1.454268674378428E-6	375.324600ms	1100	375.324600ms	1.454268674378428E-6	86.149ms	100	86.149ms	0.0019317371273030893	0s	0	0s	0.0	0s	0	0s	0.0	
52	19521	380	2212841	1199	75	309247.0	36	381300.0	30	384267.0	91	507214.0	27	459574.0	1.7976931348623157E308	0.0	369.836400ms	1100	369.836400ms	9.279943897453548E-7	369.836400ms	1100	369.836400ms	9.279943897453548E-7	87.327ms	100	87.327ms	8.546220690618677E-4	0s	0	0s	0.0	0s	0	0s	0.0	
53	19901	380	2214040	1199	75	308909.0	36	381300.0	30	384267.0	91	507214.0	0	453711.0	1.7976931348623157E308	0.0	368.561400ms	1100	368.561400ms	9.93615871043902E-7	368.561400ms	1100	368.561400ms	9.93615871043902E-7	109.801500ms	100	109.801500ms	0.00554874700863451	0s	0	0s	0.0	0s	0	0s	0.0	
54	20276	374	2215240	1200	75	308793.0	36	381300.0	30	384267.0	91	507214.0	12	453640.0	1.7976931348623157E308	0.0	363.850900ms	1100	363.850900ms	3.413773812175538E-7	363.850900ms	1100	363.850900ms	3.413773812175538E-7	94.574800ms	100	94.574800ms	0.0021844620785041813	0s	0	0s	0.0	0s	0	0s	0.0	
55	20653	376	2216440	1200	75	307769.0	36	381300.0	30	384267.0	91	507214.0	19	452226.0	1.7976931348623157E308	0.0	366.007ms	1100	366.007ms	3.014670316066362E-6	366.007ms	1100	366.007ms	3.014670316066362E-6	89.403800ms	100	89.403800ms	0.004729303736261734	0s	0	0s	0.0	0s	0	0s	0.0	
56	21053	400	2217640	1200	75	307007.0	36	381300.0	30	384267.0	91	507214.0	79	451109.0	1.7976931348623157E308	0.0	389.219700ms	1100	389.219700ms	2.2508026238096415E-6	389.219700ms	1100	389.219700ms	2.2508026238096415E-6	91.574800ms	100	91.574800ms	0.0027569781693513404	0s	0	0s	0.0	0s	0	0s	0.0	
57	21427	373	2218840	1200	75	306948.0	36	381300.0	30	384267.0	91	496265.0	35	450161.0	1.7976931348623157E308	0.0	363.426500ms	1100	363.426500ms	1.7470729864910162E-7	363.426500ms	1100	363.426500ms	1.7470729864910162E-7	86.307400ms	100	86.307400ms	0.0025469263091020644	0s	0	0s	0.0	0s	0	0s	0.0	
58	21803	375	2220040	1200	75	306457.0	36	381300.0	30	384267.0	91	496265.0	27	449889.0	1.7976931348623157E308	0.0	364.520500ms	1100	364.520500ms	1.4541995268371995E-6	364.520500ms	1100	364.520500ms	1.4541995268371995E-6	92.029ms	100	92.029ms	0.0017044376624264445	0s	0	0s	0.0	0s	0	0s	0.0	
59	22169	366	2221240	1200	75	306457.0	36	381300.0	30	384267.0	91	493818.0	62	446558.0	1.7976931348623157E308	0.0	356.912500ms	1100	356.912500ms	0.0	356.912500ms	1100	356.912500ms	0.0	85.247100ms	100	85.247100ms	0.0033159965994380082	0s	0	0s	0.0	0s	0	0s	0.0	
60	22711	541	2224381	3141	75	305627.0	36	381300.0	30	384267.0	91	493818.0	21	444911.0	1.7976931348623157E308	0.0	351.849300ms	1100	351.849300ms	2.118850918064842E-6	351.849300ms	1100	351.849300ms	2.118850918064842E-6	115.000300ms	100	115.000300ms	0.004371725165197261	176.547ms	1942	176.547ms	1.9491228723596175E-7	176.547ms	1942	176.547ms	1.9491228723596175E-7	
61	23079	368	2225581	1200	75	305627.0	36	381300.0	30	384267.0	51	489630.0	74	441472.0	1.7976931348623157E308	0.0	357.736200ms	1100	357.736200ms	0.0	357.736200ms	1100	357.736200ms	0.0	87.221600ms	100	87.221600ms	0.0024048888370394217	0s	0	0s	0.0	0s	0	0s	0.0	
62	23469	389	2226940	1359	75	304662.0	36	381300.0	30	384267.0	51	489630.0	56	441408.0	1.7976931348623157E308	0.0	357.712700ms	1100	357.712700ms	2.633131578923884E-6	357.712700ms	1100	357.712700ms	2.633131578923884E-6	83.362200ms	100	83.362200ms	0.001947971468098768	21.900200ms	159	21.900200ms	1.6462703036318296E-6	21.900200ms	159	21.900200ms	1.6462703036318296E-6	
63	23847	378	2228140	1200	75	304639.0	36	381300.0	30	384267.0	51	489630.0	14	440885.0	1.7976931348623157E308	0.0	366.577200ms	1100	366.577200ms	6.863045246562439E-8	366.577200ms	1100	366.577200ms	6.863045246562439E-8	99.554300ms	100	99.554300ms	0.0014818888235925709	0s	0	0s	0.0	0s	0	0s	0.0	
64	24223	376	2229340	1200	75	304639.0	36	381300.0	30	384267.0	51	489630.0	65	438824.0	1.7976931348623157E308	0.0	364.809400ms	1100	364.809400ms	0.0	364.809400ms	1100	364.809400ms	0.0	93.039900ms	100	93.039900ms	0.0032106800853396776	0s	0	0s	0.0	0s	0	0s	0.0	
65	24614	390	2230723	1383	75	303192.0	50	380779.0	36	381300.0	9	487638.0	29	435537.0	1.7976931348623157E308	0.0	360.021600ms	1100	360.021600ms	3.919923691356035E-6	360.021600ms	1100	360.021600ms	3.919923691356035E-6	83.793500ms	100	83.793500ms	0.003854661703032294	20.118500ms	183	20.118500ms	2.4036332746579125E-6	20.118500ms	183	20.118500ms	2.4036332746579125E-6	
66	24984	370	2231923	1200	75	301936.0	50	380779.0	36	381300.0	16	482335.0	58	434846.0	1.7976931348623157E308	0.0	359.989300ms	1100	359.989300ms	3.7659904674865313E-6	359.989300ms	1100	359.989300ms	3.7659904674865313E-6	84.870700ms	100	84.870700ms	0.004766801840160824	0s	0	0s	0.0	0s	0	0s	0.0	
67	25354	370	2233123	1200	75	301860.0	50	380779.0	36	381300.0	16	482335.0	27	434464.0	1.7976931348623157E308	0.0	359.401600ms	1100	359.401600ms	2.2882633767060881E-7	359.401600ms	1100	359.401600ms	2.2882633767060881E-7	89.904900ms	100	89.904900ms	0.00383878496934381	0s	0	0s	0.0	0s	0	0s	0.0	
68	25718	364	2234322	1199	75	301769.0	50	380779.0	36	381300.0	16	481154.0	0	433879.0	1.7976931348623157E308	0.0	354.403900ms	1100	354.403900ms	2.740584135932619E-7	354.403900ms	1100	354.403900ms	2.740584135932619E-7	83.810600ms	100	83.810600ms	0.0010104716785267354	0s	0	0s	0.0	0s	0	0s	0.0	
69	26089	370	2235522	1200	75	301769.0	50	380779.0	36	381300.0	37	479773.0	94	433097.0	1.7976931348623157E308	0.0	360.645100ms	1100	360.645100ms	0.0	360.645100ms	1100	360.645100ms	0.0	84.285200ms	100	84.285200ms	0.003846535347711504	0s	0	0s	0.0	0s	0	0s	0.0	
70	26487	398	2237000	1478	75	300951.0	50	380779.0	36	381300.0	37	479619.0	32	432726.0	1.7976931348623157E308	0.0	358.001100ms	1100	358.001100ms	2.0494638090310077E-6	358.001100ms	1100	358.001100ms	2.0494638090310077E-6	84.680400ms	100	84.680400ms	0.0017333682579944575	30.320600ms	278	30.320600ms	1.6449763815959636E-6	30.320600ms	278	30.320600ms	1.6449763815959636E-6	
71	26865	377	2238200	1200	75	300892.0	31	373742.0	50	380779.0	37	479619.0	41	429660.0	1.7976931348623157E308	0.0	367.177200ms	1100	367.177200ms	1.7822291215638133E-7	367.177200ms	1100	367.177200ms	1.7822291215638133E-7	91.811200ms	100	91.811200ms	0.0025972869159408794	0s	0	0s	0.0	0s	0	0s	0.0	
72	27243	377	2239400	1200	75	300679.0	31	373742.0	50	380779.0	37	479619.0	41	429660.0	1.7976931348623157E308	0.0	365.808300ms	1100	365.808300ms	6.435410833001546E-7	365.808300ms	1100	365.808300ms	6.435410833001546E-7	107.451800ms	100	107.451800ms	6.87859513768947E-4	0s	0	0s	0.0	0s	0	0s	0.0	
73	27616	373	2240600	1200	75	298971.0	31	373742.0	50	380779.0	37	479619.0	41	429660.0	1.7976931348623157E308	0.0	363.160700ms	1100	363.160700ms	5.164069564975524E-6	363.160700ms	1100	363.160700ms	5.164069564975524E-6	85.079900ms	100	85.079900ms	0.001375747344942163	0s	0	0s	0.0	0s	0	0s	0.0	
74	27984	367	2241800	1200	75	297453.0	49	358071.0	31	373742.0	37	479619.0	3	427638.0	1.7976931348623157E308	0.0	357.930900ms	1100	357.930900ms	4.615832304805516E-6	357.930900ms	1100	357.930900ms	4.615832304805516E-6	83.728800ms	100	83.728800ms	0.004201968561773116	0s	0	0s	0.0	0s	0	0s	0.0	
75	28356	371	2243000	1200	75	296408.0	49	358071.0	31	373742.0	55	479156.0	77	425483.0	1.7976931348623157E308	0.0	360.639300ms	1100	360.639300ms	3.193781874783626E-6	360.639300ms	1100	360.639300ms	3.193781874783626E-6	92.054400ms	100	92.054400ms	0.0027326978701802283	0s	0	0s	0.0	0s	0	0s	0.0	
76	28726	370	2244200	1200	75	296053.0	49	358071.0	31	373742.0	55	479156.0	77	425483.0	1.7976931348623157E308	0.0	359.292700ms	1100	359.292700ms	1.0887940700900842E-6	359.292700ms	1100	359.292700ms	1.0887940700900842E-6	90.737200ms	100	90.737200ms	9.468945802259654E-5	0s	0	0s	0.0	0s	0	0s	0.0	
77	29100	373	2245400	1200	75	294384.0	49	358071.0	31	373742.0	96	469700.0	59	425394.0	1.7976931348623157E308	0.0	363.580300ms	1100	363.580300ms	5.125003723227651E-6	363.580300ms	1100	363.580300ms	5.125003723227651E-6	85.661100ms	100	85.661100ms	0.003451958285630944	0s	0	0s	0.0	0s	0	0s	0.0	
78	29469	369	2246600	1200	75	293085.0	49	358071.0	31	373742.0	48	463976.0	53	425155.0	1.7976931348623157E308	0.0	358.814600ms	1100	358.814600ms	4.0114581326060205E-6	358.814600ms	1100	358.814600ms	4.0114581326060205E-6	91.608ms	100	91.608ms	0.0023543490822174684	0s	0	0s	0.0	0s	0	0s	0.0	
79	29841	371	2247799	1199	75	292688.0	49	358071.0	31	373742.0	48	463976.0	91	423978.0	1.7976931348623157E308	0.0	361.184600ms	1100	361.184600ms	1.231414405067052E-6	361.184600ms	1100	361.184600ms	1.231414405067052E-6	92.240900ms	100	92.240900ms	5.583626020534371E-4	0s	0	0s	0.0	0s	0	0s	0.0	
80	30213	372	2248999	1200	75	292153.0	49	358071.0	31	373742.0	48	463976.0	85	423823.0	1.7976931348623157E308	0.0	362.242100ms	1100	362.242100ms	1.661713621206343E-6	362.242100ms	1100	362.242100ms	1.661713621206343E-6	84.817500ms	100	84.817500ms	7.948414622384459E-4	0s	0	0s	0.0	0s	0	0s	0.0	
81	30585	371	2250198	1199	75	291635.0	49	358071.0	31	373742.0	48	463976.0	85	423823.0	1.7976931348623157E308	0.0	361.895700ms	1100	361.895700ms	1.6118577968020227E-6	361.895700ms	1100	361.895700ms	1.6118577968020227E-6	84.196800ms	100	84.196800ms	1.7038810256319925E-4	0s	0	0s	0.0	0s	0	0s	0.0	
82	30954	369	2251398	1200	75	291635.0	49	358071.0	31	373742.0	66	462872.0	56	423516.0	1.7976931348623157E308	0.0	359.461700ms	1100	359.461700ms	0.0	359.461700ms	1100	359.461700ms	0.0	83.891ms	100	83.891ms	7.747828442571425E-4	0s	0	0s	0.0	0s	0	0s	0.0	
83	31342	387	2252668	1270	75	290831.0	49	358071.0	31	373742.0	66	462872.0	12	423132.0	1.7976931348623157E308	0.0	365.329800ms	1100	365.329800ms	1.7501329007170568E-7	365.329800ms	1100	365.329800ms	1.7501329007170568E-7	84.961600ms	100	84.961600ms	8.046738228566708E-4	12.238800ms	70	12.238800ms	3.664071282841265E-5	12.238800ms	70	12.238800ms	3.664071282841265E-5	
84	31710	368	2253868	1200	75	290831.0	49	358071.0	31	373742.0	66	462872.0	6	419674.0	1.7976931348623157E308	0.0	356.804200ms	1100	356.804200ms	0.0	356.804200ms	1100	356.804200ms	0.0	93.502ms	100	93.502ms	0.0016378892011736535	0s	0	0s	0.0	0s	0	0s	0.0	
85	32132	421	2255482	1614	75	290794.0	49	358071.0	31	373742.0	78	457034.0	6	419674.0	1.7976931348623157E308	0.0	368.344ms	1100	368.344ms	0.0	368.344ms	1100	368.344ms	0.0	85.756700ms	100	85.756700ms	3.8790714260791836E-4	42.458100ms	414	42.458100ms	3.0729867406265043E-7	42.458100ms	414	42.458100ms	3.0729867406265043E-7	
86	32512	380	2256701	1219	75	290744.0	49	358071.0	31	373742.0	78	457034.0	64	419553.0	1.7976931348623157E308	0.0	362.214100ms	1100	362.214100ms	0.0	362.214100ms	1100	362.214100ms	0.0	83.977900ms	100	83.977900ms	0.0028431450017829675	8.026500ms	19	8.026500ms	9.049632892592874E-6	8.026500ms	19	8.026500ms	9.049632892592874E-6	
87	32891	378	2257968	1267	75	290307.0	49	358071.0	31	373742.0	78	457034.0	98	418444.0	1.7976931348623157E308	0.0	357.973100ms	1100	357.973100ms	8.134565740900637E-7	357.973100ms	1100	357.973100ms	8.134565740900637E-7	84.009900ms	100	84.009900ms	0.0012913549725292839	11.202400ms	67	11.202400ms	9.086313199158754E-6	11.202400ms	67	11.202400ms	9.086313199158754E-6	
88	33260	369	2259168	1200	75	290307.0	49	358071.0	31	373742.0	78	457034.0	98	418444.0	1.7976931348623157E308	0.0	359.304800ms	1100	359.304800ms	0.0	359.304800ms	1100	359.304800ms	0.0	82.500800ms	100	82.500800ms	0.0	0s	0	0s	0.0	0s	0	0s	0.0	
89	33638	378	2260403	1235	75	289514.0	49	358071.0	31	373742.0	80	450349.0	0	416792.0	1.7976931348623157E308	0.0	359.236600ms	1100	359.236600ms	1.948929279560474E-6	359.236600ms	1100	359.236600ms	1.948929279560474E-6	90.749300ms	100	90.749300ms	0.005732020008795614	8.291700ms	35	8.291700ms	1.6829474610375554E-5	8.291700ms	35	8.291700ms	1.6829474610375554E-5	
90	34007	369	2261603	1200	75	289488.0	49	358071.0	31	373742.0	80	450349.0	70	415025.0	1.7976931348623157E308	0.0	359.148200ms	1100	359.148200ms	8.164152212457184E-8	359.148200ms	1100	359.148200ms	8.164152212457184E-8	85.121700ms	100	85.121700ms	0.0017032060964950147	0s	0	0s	0.0	0s	0	0s	0.0	
91	34374	367	2262803	1200	75	289314.0	49	358071.0	31	373742.0	80	444416.0	61	414848.0	1.7976931348623157E308	0.0	357.402400ms	1100	357.402400ms	5.464192580756871E-7	357.402400ms	1100	357.402400ms	5.464192580756871E-7	83.307400ms	100	83.307400ms	9.890504433451308E-4	0s	0	0s	0.0	0s	0	0s	0.0	
92	34745	370	2264003	1200	75	289032.0	49	358071.0	24	362821.0	80	444416.0	96	414603.0	1.7976931348623157E308	0.0	360.557ms	1100	360.557ms	8.861086444611477E-7	360.557ms	1100	360.557ms	8.861086444611477E-7	83.943700ms	100	83.943700ms	0.0016496124245102372	0s	0	0s	0.0	0s	0	0s	0.0	
93	35115	370	2265203	1200	75	289032.0	49	358071.0	24	362821.0	26	441501.0	90	414079.0	1.7976931348623157E308	0.0	360.809ms	1100	360.809ms	0.0	360.809ms	1100	360.809ms	0.0	83.561600ms	100	83.561600ms	0.0024200542891908315	0s	0	0s	0.0	0s	0	0s	0.0	
94	35501	385	2266500	1297	75	288291.0	49	358071.0	24	362821.0	26	441501.0	86	413603.0	1.7976931348623157E308	0.0	361.801700ms	1100	361.801700ms	0.0	361.801700ms	1100	361.801700ms	0.0	83.801400ms	100	83.801400ms	3.7204760624372056E-4	13.845100ms	98	13.845100ms	2.616050987363267E-5	13.845100ms	98	13.845100ms	2.616050987363267E-5	
95	35881	380	2267706	1206	75	288131.0	49	358071.0	24	362821.0	26	441501.0	79	411353.0	1.7976931348623157E308	0.0	363.772900ms	1100	363.772900ms	2.0503722845182698E-7	363.772900ms	1100	363.772900ms	2.0503722845182698E-7	83.119500ms	100	83.119500ms	0.002986872985114597	6.659300ms	6	6.659300ms	5.4921358395965125E-5	6.659300ms	6	6.659300ms	5.4921358395965125E-5	
96	36257	376	2268906	1200	75	288131.0	49	358071.0	24	362821.0	26	441501.0	13	410666.0	1.7976931348623157E308	0.0	364.049ms	1100	364.049ms	0.0	364.049ms	1100	364.049ms	0.0	108.461200ms	100	108.461200ms	0.0011561965513530593	0s	0	0s	0.0	0s	0	0s	0.0	
97	36639	381	2270187	1281	75	287888.0	49	358071.0	24	362821.0	26	441501.0	13	410666.0	1.7976931348623157E308	0.0	359.647300ms	1100	359.647300ms	0.0	359.647300ms	1100	359.647300ms	0.0	83.385ms	100	83.385ms	2.5180971135787655E-4	12.481300ms	81	12.481300ms	1.0411930684306322E-5	12.481300ms	81	12.481300ms	1.0411930684306322E-5	
98	37025	385	2271469	1282	75	287401.0	49	358071.0	24	362821.0	26	441501.0	97	410022.0	1.7976931348623157E308	0.0	360.650600ms	1100	360.650600ms	0.0	360.650600ms	1100	360.650600ms	0.0	85.911900ms	100	85.911900ms	8.583860518126208E-4	13.730400ms	82	13.730400ms	2.0629635101997745E-5	13.730400ms	82	13.730400ms	2.0629635101997745E-5	
99	37422	397	2272954	1485	75	287245.0	49	358071.0	24	362821.0	26	441501.0	27	409989.0	1.7976931348623157E308	0.0	356.032600ms	1100	356.032600ms	0.0	356.032600ms	1100	356.032600ms	0.0	82.878500ms	100	82.878500ms	0.0010503518712800875	31.202300ms	285	31.202300ms	1.9045459864530655E-6	31.202300ms	285	31.202300ms	1.9045459864530655E-6	
100	37808	386	2274292	1338	75	286834.0	49	358071.0	24	362821.0	26	441501.0	54	409472.0	1.7976931348623157E308	0.0	358.555800ms	1100	358.555800ms	9.150338800001379E-7	358.555800ms	1100	358.555800ms	9.150338800001379E-7	85.683600ms	100	85.683600ms	0.0014001094194246476	18.108800ms	138	18.108800ms	3.077714045551633E-6	18.108800ms	138	18.108800ms	3.077714045551633E-6	
101	38177	368	2275492	1200	75	286824.0	49	358071.0	24	362821.0	26	441501.0	54	409472.0	1.7976931348623157E308	0.0	357.907ms	1100	357.907ms	3.169397313747395E-8	357.907ms	1100	357.907ms	3.169397313747395E-8	84.841ms	100	84.841ms	1.4811725512329344E-4	0s	0	0s	0.0	0s	0	0s	0.0	
102	38547	369	2276692	1200	75	286467.0	25	354037.0	49	358071.0	26	441501.0	15	409345.0	1.7976931348623157E308	0.0	360.097100ms	1100	360.097100ms	1.131514289409012E-6	360.097100ms	1100	360.097100ms	1.131514289409012E-6	83.997900ms	100	83.997900ms	0.0024405383762091315	0s	0	0s	0.0	0s	0	0s	0.0	
103	38919	372	2277892	1200	75	286467.0	25	354037.0	49	358071.0	26	441501.0	15	409345.0	1.7976931348623157E308	0.0	361.561800ms	1100	361.561800ms	0.0	361.561800ms	1100	361.561800ms	0.0	89.286300ms	100	89.286300ms	0.0	0s	0	0s	0.0	0s	0	0s	0.0	
104	39356	436	2279797	1905	75	286427.0	25	354037.0	49	358071.0	26	441501.0	55	409327.0	1.7976931348623157E308	0.0	358.792100ms	1100	358.792100ms	1.904300640832478E-8	358.792100ms	1100	358.792100ms	1.904300640832478E-8	94.667500ms	100	94.667500ms	9.92480737544882E-4	65.989800ms	705	65.989800ms	1.6835080604260375E-7	65.989800ms	705	65.989800ms	1.6835080604260375E-7	
105	39726	370	2280997	1200	75	286427.0	25	354037.0	49	358071.0	26	441501.0	55	409327.0	1.7976931348623157E308	0.0	360.014900ms	1100	360.014900ms	0.0	360.014900ms	1100	360.014900ms	0.0	84.685200ms	100	84.685200ms	3.5851175187320063E-4	0s	0	0s	0.0	0s	0	0s	0.0	
106	40109	383	2282237	1240	75	286177.0	25	354037.0	49	358071.0	26	441501.0	55	409327.0	1.7976931348623157E308	0.0	361.266100ms	1100	361.266100ms	7.649341490091232E-7	361.266100ms	1100	361.266100ms	7.649341490091232E-7	86.951400ms	100	86.951400ms	3.8602000670418635E-4	10.402800ms	40	10.402800ms	7.855404693002388E-7	10.402800ms	40	10.402800ms	7.855404693002388E-7	
107	40481	371	2283437	1200	75	286177.0	25	354037.0	49	358071.0	29	435537.0	64	408998.0	1.7976931348623157E308	0.0	360.824800ms	1100	360.824800ms	0.0	360.824800ms	1100	360.824800ms	0.0	89.103ms	100	89.103ms	0.001143952528037855	0s	0	0s	0.0	0s	0	0s	0.0	
108	40911	429	2285256	1819	75	286159.0	25	354037.0	49	358071.0	29	435537.0	26	408803.0	1.7976931348623157E308	0.0	359.922300ms	1100	359.922300ms	0.0	359.922300ms	1100	359.922300ms	0.0	84.203600ms	100	84.203600ms	5.33120482554077E-4	59.624200ms	619	59.624200ms	1.0161249833276492E-7	59.624200ms	619	59.624200ms	1.0161249833276492E-7	
109	41336	425	2286829	1573	75	285546.0	25	354037.0	49	358071.0	29	435537.0	26	408803.0	1.7976931348623157E308	0.0	377.915500ms	1100	377.915500ms	1.5922367493962062E-6	377.915500ms	1100	377.915500ms	1.5922367493962062E-6	83.130400ms	100	83.130400ms	0.0	37.439200ms	373	37.439200ms	1.049305094422085E-6	37.439200ms	373	37.439200ms	1.049305094422085E-6	
110	41722	386	2288028	1199	75	285546.0	25	354037.0	49	358071.0	29	435537.0	23	408552.0	1.7976931348623157E308	0.0	375.111ms	1100	375.111ms	0.0	375.111ms	1100	375.111ms	0.0	85.183200ms	100	85.183200ms	7.640900545835283E-4	0s	0	0s	0.0	0s	0	0s	0.0	
111	42100	377	2289242	1214	75	284242.0	25	354037.0	49	358071.0	29	435537.0	91	408204.0	1.7976931348623157E308	0.0	360.076500ms	1100	360.076500ms	3.4093458134507793E-6	360.076500ms	1100	360.076500ms	3.4093458134507793E-6	83.444400ms	100	83.444400ms	0.00102987598069325	7.770700ms	14	7.770700ms	5.853447680683902E-5	7.770700ms	14	7.770700ms	5.853447680683902E-5	
112	42465	364	2290442	1200	75	284242.0	18	344122.0	25	354037.0	29	435537.0	83	405749.0	1.7976931348623157E308	0.0	354.384400ms	1100	354.384400ms	0.0	354.384400ms	1100	354.384400ms	0.0	91.436ms	100	91.436ms	0.0025041727699597473	0s	0	0s	0.0	0s	0	0s	0.0	
113	42847	382	2291687	1245	75	283744.0	18	344122.0	25	354037.0	29	435537.0	52	404764.0	1.7976931348623157E308	0.0	362.555400ms	1100	362.555400ms	1.1391635467665347E-6	362.555400ms	1100	362.555400ms	1.1391635467665347E-6	84.342300ms	100	84.342300ms	5.151985119097557E-4	10.076200ms	45	10.076200ms	1.1101651253353496E-5	10.076200ms	45	10.076200ms	1.1101651253353496E-5	
114	43218	370	2292886	1199	75	282588.0	18	344122.0	25	354037.0	29	435537.0	52	404764.0	1.7976931348623157E308	0.0	361.183200ms	1100	361.183200ms	3.703722689851045E-6	361.183200ms	1100	361.183200ms	3.703722689851045E-6	83.366100ms	100	83.366100ms	2.289476637611765E-4	0s	0	0s	0.0	0s	0	0s	0.0	
115	43587	369	2294086	1200	75	282399.0	18	344122.0	25	354037.0	29	435537.0	68	404436.0	1.7976931348623157E308	0.0	358.721800ms	1100	358.721800ms	6.080165534919332E-7	358.721800ms	1100	358.721800ms	6.080165534919332E-7	89.553300ms	100	89.553300ms	4.8120190691795404E-4	0s	0	0s	0.0	0s	0	0s	0.0	
116	43957	369	2295286	1200	75	281943.0	18	344122.0	25	354037.0	29	435537.0	68	404436.0	1.7976931348623157E308	0.0	356.709700ms	1100	356.709700ms	1.467942360084356E-6	356.709700ms	1100	356.709700ms	1.467942360084356E-6	118.106300ms	100	118.106300ms	6.136898809715819E-4	0s	0	0s	0.0	0s	0	0s	0.0	
117	44331	374	2296486	1200	75	281943.0	18	344122.0	25	354037.0	29	435537.0	68	404436.0	1.7976931348623157E308	0.0	363.764400ms	1100	363.764400ms	0.0	363.764400ms	1100	363.764400ms	0.0	92.311800ms	100	92.311800ms	4.88621167003147E-4	0s	0	0s	0.0	0s	0	0s	0.0	
118	44721	389	2297697	1211	75	281552.0	18	344122.0	25	354037.0	29	435537.0	69	403166.0	1.7976931348623157E308	0.0	371.200300ms	1100	371.200300ms	8.387280753255597E-7	371.200300ms	1100	371.200300ms	8.387280753255597E-7	91.982300ms	100	91.982300ms	0.0010012094863337472	7.417ms	11	7.417ms	4.223935656884463E-5	7.417ms	11	7.417ms	4.223935656884463E-5	
119	45089	368	2298896	1199	75	280349.0	18	344122.0	25	354037.0	29	435537.0	69	403166.0	1.7976931348623157E308	0.0	357.833100ms	1100	357.833100ms	3.884313958474328E-6	357.833100ms	1100	357.833100ms	3.884313958474328E-6	85.123800ms	100	85.123800ms	5.872077462592617E-4	0s	0	0s	0.0	0s	0	0s	0.0	
120	45455	366	2300096	1200	75	280121.0	18	344122.0	25	354037.0	29	435537.0	84	402420.0	1.7976931348623157E308	0.0	356.520700ms	1100	356.520700ms	7.393382079933332E-7	356.520700ms	1100	356.520700ms	7.393382079933332E-7	83.281900ms	100	83.281900ms	0.0016873005807679497	0s	0	0s	0.0	0s	0	0s	0.0	
121	45824	368	2301296	1200	75	279803.0	18	344122.0	25	354037.0	58	434846.0	84	402420.0	1.7976931348623157E308	0.0	358.596700ms	1100	358.596700ms	1.0320215517255582E-6	358.596700ms	1100	358.596700ms	1.0320215517255582E-6	90.461200ms	100	90.461200ms	6.315670793412975E-4	0s	0	0s	0.0	0s	0	0s	0.0	
122	46193	368	2302494	1198	75	279803.0	18	344122.0	25	354037.0	58	434846.0	84	402420.0	1.7976931348623157E308	0.0	358.967200ms	1100	358.967200ms	0.0	358.967200ms	1100	358.967200ms	0.0	83.875200ms	100	83.875200ms	0.0	0s	0	0s	0.0	0s	0	0s	0.0	
123	46663	469	2304665	2171	75	279796.0	18	344122.0	25	354037.0	58	434846.0	87	402111.0	1.7976931348623157E308	0.0	360.935900ms	1100	360.935900ms	0.0	360.935900ms	1100	360.935900ms	0.0	92.021200ms	100	92.021200ms	0.0010390755958230346	98.172800ms	971	98.172800ms	2.576478029838322E-8	98.172800ms	971	98.172800ms	2.576478029838322E-8	
124	47074	411	2306312	1647	75	279649.0	18	344122.0	25	354037.0	58	434846.0	87	402111.0	1.7976931348623157E308	0.0	356.088200ms	1100	356.088200ms	3.9967609988912257E-7	356.088200ms	1100	356.088200ms	3.9967609988912257E-7	84.102ms	100	84.102ms	9.327923137913973E-7	45.411100ms	448	45.411100ms	1.914660272892594E-7	45.411100ms	448	45.411100ms	1.914660272892594E-7	
125	47445	371	2307512	1200	75	279649.0	18	344122.0	25	354037.0	29	433877.0	87	402111.0	1.7976931348623157E308	0.0	359.449400ms	1100	359.449400ms	0.0	359.449400ms	1100	359.449400ms	0.0	89.241800ms	100	89.241800ms	4.336104386929962E-4	0s	0	0s	0.0	0s	0	0s	0.0	
126	47843	397	2308968	1456	75	279634.0	18	344122.0	25	354037.0	29	433877.0	37	401990.0	1.7976931348623157E308	0.0	359.644600ms	1100	359.644600ms	0.0	359.644600ms	1100	359.644600ms	0.0	83.282900ms	100	83.282900ms	0.0013382320404351378	28.338100ms	256	28.338100ms	2.0952604872555985E-7	28.338100ms	256	28.338100ms	2.0952604872555985E-7	
127	48222	378	2310194	1226	75	279577.0	18	344122.0	25	354037.0	29	433877.0	66	401719.0	1.7976931348623157E308	0.0	359.845900ms	1100	359.845900ms	0.0	359.845900ms	1100	359.845900ms	0.0	84.546ms	100	84.546ms	9.875037660865692E-4	9.171ms	26	9.171ms	7.83991822277653E-6	9.171ms	26	9.171ms	7.83991822277653E-6	
128	48603	381	2311436	1242	75	279479.0	18	344122.0	25	354037.0	29	433877.0	66	401719.0	1.7976931348623157E308	0.0	360.618400ms	1100	360.618400ms	0.0	360.618400ms	1100	360.618400ms	0.0	90.204500ms	100	90.204500ms	2.668957177680953E-4	10.097900ms	42	10.097900ms	8.345941666635751E-6	10.097900ms	42	10.097900ms	8.345941666635751E-6	
129	48989	385	2312699	1263	75	279285.0	18	344122.0	25	354037.0	29	433877.0	53	400955.0	1.7976931348623157E308	0.0	357.503100ms	1100	357.503100ms	0.0	357.503100ms	1100	357.503100ms	0.0	85.723300ms	100	85.723300ms	6.562369708674587E-4	17.039ms	63	17.039ms	1.1018234212105822E-5	17.039ms	63	17.039ms	1.1018234212105822E-5	
130	49396	407	2314238	1539	75	279272.0	18	344122.0	25	354037.0	88	433310.0	35	400469.0	1.7976931348623157E308	0.0	359.492200ms	1100	359.492200ms	0.0	359.492200ms	1100	359.492200ms	0.0	91.449300ms	100	91.449300ms	0.0012193410501560608	35.734100ms	339	35.734100ms	1.373080637911481E-7	35.734100ms	339	35.734100ms	1.373080637911481E-7	
131	49770	374	2315490	1252	75	278908.0	18	344122.0	25	354037.0	88	433310.0	92	400031.0	1.7976931348623157E308	0.0	352.674700ms	1100	352.674700ms	5.212154222431689E-7	352.674700ms	1100	352.674700ms	5.212154222431689E-7	88.270900ms	100	88.270900ms	8.61063938283907E-4	11.731700ms	52	11.731700ms	1.4047512543601515E-5	11.731700ms	52	11.731700ms	1.4047512543601515E-5	
132	50134	364	2316690	1200	75	278908.0	18	344122.0	25	354037.0	88	433310.0	10	399816.0	1.7976931348623157E308	0.0	353.123800ms	1100	353.123800ms	0.0	353.123800ms	1100	353.123800ms	0.0	87.827200ms	100	87.827200ms	5.890248852072621E-4	0s	0	0s	0.0	0s	0	0s	0.0	
133	50518	383	2317933	1243	75	278687.0	18	344122.0	25	354037.0	88	433310.0	5	399511.0	1.7976931348623157E308	0.0	362.650500ms	1100	362.650500ms	0.0	362.650500ms	1100	362.650500ms	0.0	90.143500ms	100	90.143500ms	0.0012856763933648452	10.676800ms	43	10.676800ms	1.8427348386281512E-5	10.676800ms	43	10.676800ms	1.8427348386281512E-5	
134	50902	383	2319227	1294	75	278613.0	18	344122.0	25	354037.0	88	433310.0	20	399359.0	1.7976931348623157E308	0.0	357.339ms	1100	357.339ms	0.0	357.339ms	1100	357.339ms	0.0	90.19ms	100	90.19ms	9.460465093582337E-4	15.235300ms	94	15.235300ms	2.824796429518641E-6	15.235300ms	94	15.235300ms	2.824796429518641E-6	
135	51298	396	2320611	1384	75	278607.0	18	344122.0	25	354037.0	88	433310.0	20	399359.0	1.7976931348623157E308	0.0	361.768900ms	1100	361.768900ms	0.0	361.768900ms	1100	361.768900ms	0.0	102.639800ms	100	102.639800ms	4.368330324412084E-5	23.186900ms	184	23.186900ms	1.1703939030921243E-7	23.186900ms	184	23.186900ms	1.1703939030921243E-7	
136	51674	376	2321839	1228	75	278551.0	18	344122.0	25	354037.0	88	433310.0	20	399359.0	1.7976931348623157E308	0.0	356.738900ms	1100	356.738900ms	1.272642429898814E-7	356.738900ms	1100	356.738900ms	1.272642429898814E-7	82.937900ms	100	82.937900ms	4.912736135364037E-4	9.737400ms	29	9.737400ms	2.104063776400726E-6	9.737400ms	29	9.737400ms	2.104063776400726E-6	
137	52040	366	2323039	1200	75	278551.0	18	344122.0	25	354037.0	88	433310.0	38	398700.0	1.7976931348623157E308	0.0	355.621500ms	1100	355.621500ms	0.0	355.621500ms	1100	355.621500ms	0.0	88.732200ms	100	88.732200ms	0.0012604778563455154	0s	0	0s	0.0	0s	0	0s	0.0	
138	52424	383	2324286	1247	75	278485.0	18	344122.0	25	354037.0	88	433310.0	38	398700.0	1.7976931348623157E308	0.0	361.368400ms	1100	361.368400ms	1.6321787301003127E-8	361.368400ms	1100	361.368400ms	1.6321787301003127E-8	89.476300ms	100	89.476300ms	0.0	11.685500ms	47	11.685500ms	4.659370601524884E-6	11.685500ms	47	11.685500ms	4.659370601524884E-6	
139	52793	369	2325486	1200	75	278442.0	18	344122.0	25	354037.0	88	433310.0	38	398700.0	1.7976931348623157E308	0.0	359.580700ms	1100	359.580700ms	1.4036989098479987E-7	359.580700ms	1100	359.580700ms	1.4036989098479987E-7	84.611400ms	100	84.611400ms	1.9273561929455953E-6	0s	0	0s	0.0	0s	0	0s	0.0	
140	53164	370	2326686	1200	75	278442.0	18	344122.0	25	354037.0	88	433310.0	93	397480.0	1.7976931348623157E308	0.0	361.233700ms	1100	361.233700ms	0.0	361.233700ms	1100	361.233700ms	0.0	83.394700ms	100	83.394700ms	4.4087193986593444E-4	0s	0	0s	0.0	0s	0	0s	0.0	
141	53543	379	2327944	1258	75	278415.0	18	344122.0	25	354037.0	88	433310.0	2	396658.0	1.7976931348623157E308	0.0	356.340900ms	1100	356.340900ms	1.3060759633405765E-8	356.340900ms	1100	356.340900ms	1.3060759633405765E-8	86.653100ms	100	86.653100ms	0.0013836368767230333	12.594900ms	58	12.594900ms	1.4241807059931424E-6	12.594900ms	58	12.594900ms	1.4241807059931424E-6	
142	53911	367	2329144	1200	75	278415.0	18	344122.0	25	354037.0	88	433310.0	2	396658.0	1.7976931348623157E308	0.0	358.061100ms	1100	358.061100ms	0.0	358.061100ms	1100	358.061100ms	0.0	83.621ms	100	83.621ms	0.0	0s	0	0s	0.0	0s	0	0s	0.0	
143	54290	379	2330383	1239	75	278401.0	18	344122.0	25	354037.0	88	433310.0	74	396616.0	1.7976931348623157E308	0.0	358.218500ms	1100	358.218500ms	0.0	358.218500ms	1100	358.218500ms	0.0	83.905900ms	100	83.905900ms	5.513547260810192E-4	11.388800ms	39	11.388800ms	1.2893499235827468E-6	11.388800ms	39	11.388800ms	1.2893499235827468E-6	
144	54695	404	2331841	1458	75	278316.0	18	344122.0	25	354037.0	88	433310.0	74	396616.0	1.7976931348623157E308	0.0	360.62ms	1100	360.62ms	0.0	360.62ms	1100	360.62ms	0.0	93.887100ms	100	93.887100ms	0.0	30.745900ms	258	30.745900ms	1.1833914545606197E-6	30.745900ms	258	30.745900ms	1.1833914545606197E-6	
145	55072	377	2333052	1211	75	278260.0	18	344122.0	25	354037.0	88	433310.0	59	395992.0	1.7976931348623157E308	0.0	357.605ms	1100	357.605ms	0.0	357.605ms	1100	357.605ms	0.0	84.943500ms	100	84.943500ms	0.0014053207368553212	9.083600ms	11	9.083600ms	1.8291830476544682E-5	9.083600ms	11	9.083600ms	1.8291830476544682E-5	
146	55451	378	2334266	1214	75	278054.0	18	344122.0	25	354037.0	88	433310.0	47	395686.0	1.7976931348623157E308	0.0	358.339200ms	1100	358.339200ms	0.0	358.339200ms	1100	358.339200ms	0.0	91.165600ms	100	91.165600ms	0.0023103225054903064	8.983400ms	14	8.983400ms	5.287962953455715E-5	8.983400ms	14	8.983400ms	5.287962953455715E-5	
147	55840	389	2335626	1360	75	278044.0	18	344122.0	25	354037.0	88	433310.0	47	395686.0	1.7976931348623157E308	0.0	355.672700ms	1100	355.672700ms	0.0	355.672700ms	1100	355.672700ms	0.0	92.802600ms	100	92.802600ms	0.0	22.886200ms	160	22.886200ms	2.2477648226604252E-7	22.886200ms	160	22.886200ms	2.2477648226604252E-7	
148	56226	385	2336904	1278	75	277880.0	18	344122.0	25	354037.0	88	433310.0	7	395472.0	1.7976931348623157E308	0.0	360.932700ms	1100	360.932700ms	3.793383554243332E-7	360.932700ms	1100	360.932700ms	3.793383554243332E-7	83.925500ms	100	83.925500ms	0.0014257781941368175	14.834300ms	78	14.834300ms	2.213263423718933E-6	14.834300ms	78	14.834300ms	2.213263423718933E-6	
149	56597	370	2338104	1200	75	277880.0	18	344122.0	25	354037.0	4	429274.0	7	395472.0	1.7976931348623157E308	0.0	360.782400ms	1100	360.782400ms	0.0	360.782400ms	1100	360.782400ms	0.0	84.158900ms	100	84.158900ms	3.123398952251277E-4	0s	0	0s	0.0	0s	0	0s	0.0	
150	56983	386	2339326	1222	75	277872.0	18	344122.0	25	354037.0	4	429274.0	55	394838.0	1.7976931348623157E308	0.0	363.471ms	1100	363.471ms	3.2716057662973696E-9	363.471ms	1100	363.471ms	3.2716057662973696E-9	103.145800ms	100	103.145800ms	0.001294814546528973	10.095300ms	22	10.095300ms	1.145033173247353E-6	10.095300ms	22	10.095300ms	1.145033173247353E-6	
151	57354	370	2340525	1199	75	277872.0	18	344122.0	25	354037.0	4	429274.0	80	394495.0	1.7976931348623157E308	0.0	361.190100ms	1100	361.190100ms	0.0	361.190100ms	1100	361.190100ms	0.0	83.787600ms	100	83.787600ms	5.500997270355645E-4	0s	0	0s	0.0	0s	0	0s	0.0	
152	57735	381	2341796	1271	75	277839.0	18	344122.0	25	354037.0	4	429274.0	80	394495.0	1.7976931348623157E308	0.0	354.236100ms	1100	354.236100ms	0.0	354.236100ms	1100	354.236100ms	0.0	86.869300ms	100	86.869300ms	1.0744024360634263E-4	15.532800ms	71	15.532800ms	1.6726720662542714E-6	15.532800ms	71	15.532800ms	1.6726720662542714E-6	
153	58150	414	2343244	1448	75	277592.0	18	344122.0	25	354037.0	4	429274.0	80	394495.0	1.7976931348623157E308	0.0	372.797300ms	1100	372.797300ms	2.619858527634507E-8	372.797300ms	1100	372.797300ms	2.619858527634507E-8	85.578ms	100	85.578ms	0.0	31.883600ms	248	31.883600ms	3.46859036139393E-6	31.883600ms	248	31.883600ms	3.46859036139393E-6	
154	58520	370	2344443	1199	75	277304.0	18	344122.0	25	354037.0	4	429274.0	80	394495.0	1.7976931348623157E308	0.0	360.421ms	1100	360.421ms	9.43176250822035E-7	360.421ms	1100	360.421ms	9.43176250822035E-7	84.460100ms	100	84.460100ms	8.661039423685902E-5	0s	0	0s	0.0	0s	0	0s	0.0	
155	58891	370	2345643	1200	75	277304.0	18	344122.0	25	354037.0	4	429274.0	40	394113.0	1.7976931348623157E308	0.0	361.039900ms	1100	361.039900ms	0.0	361.039900ms	1100	361.039900ms	0.0	84.243500ms	100	84.243500ms	6.552274717269901E-4	0s	0	0s	0.0	0s	0	0s	0.0	
156	59272	381	2346863	1220	75	277149.0	18	344122.0	2	350245.0	4	429274.0	22	392979.0	1.7976931348623157E308	0.0	359.344600ms	1100	359.344600ms	2.6233645371616504E-7	359.344600ms	1100	359.344600ms	2.6233645371616504E-7	91.801100ms	100	91.801100ms	0.0017284293754442426	9.943ms	20	9.943ms	1.3523064939563456E-5	9.943ms	20	9.943ms	1.3523064939563456E-5	
157	59640	367	2348063	1200	75	277149.0	18	344122.0	2	350245.0	4	429274.0	92	392133.0	1.7976931348623157E308	0.0	357.199300ms	1100	357.199300ms	0.0	357.199300ms	1100	357.199300ms	0.0	84.438ms	100	84.438ms	0.002118808065474995	0s	0	0s	0.0	0s	0	0s	0.0	
158	60020	380	2349288	1225	75	276679.0	18	344122.0	2	350245.0	4	429274.0	92	392133.0	1.7976931348623157E308	0.0	355.800900ms	1100	355.800900ms	1.4041179367208954E-6	355.800900ms	1100	355.800900ms	1.4041179367208954E-6	119.888100ms	100	119.888100ms	6.553741915614752E-6	10.720900ms	25	10.720900ms	6.0617213123626006E-6	10.720900ms	25	10.720900ms	6.0617213123626006E-6	
159	60394	373	2350488	1200	75	276679.0	18	344122.0	2	350245.0	4	429274.0	32	391751.0	1.7976931348623157E308	0.0	363.574900ms	1100	363.574900ms	0.0	363.574900ms	1100	363.574900ms	0.0	85.240200ms	100	85.240200ms	9.50311708490349E-4	0s	0	0s	0.0	0s	0	0s	0.0	
160	60776	381	2351704	1216	75	276490.0	18	344122.0	2	350245.0	4	429274.0	13	391717.0	1.7976931348623157E308	0.0	361.115900ms	1100	361.115900ms	5.618954079343976E-7	361.115900ms	1100	361.115900ms	5.618954079343976E-7	89.080200ms	100	89.080200ms	0.0012781847821817182	9.828200ms	16	9.828200ms	4.066083801081144E-6	9.828200ms	16	9.828200ms	4.066083801081144E-6	
161	61146	370	2352903	1199	75	276490.0	18	344122.0	2	350245.0	4	429274.0	82	390855.0	1.7976931348623157E308	0.0	360.698500ms	1100	360.698500ms	0.0	360.698500ms	1100	360.698500ms	0.0	83.584900ms	100	83.584900ms	0.0017489117854229386	0s	0	0s	0.0	0s	0	0s	0.0	
162	61521	375	2354106	1203	75	276470.0	18	344122.0	2	350245.0	4	429274.0	82	390855.0	1.7976931348623157E308	0.0	355.516400ms	1100	355.516400ms	0.0	355.516400ms	1100	355.516400ms	0.0	92.608600ms	100	92.608600ms	6.489498942153882E-4	8.81ms	3	8.81ms	2.4111782222391298E-5	8.81ms	3	8.81ms	2.4111782222391298E-5	
163	61903	381	2355322	1216	75	276410.0	18	344122.0	2	350245.0	4	429274.0	82	390855.0	1.7976931348623157E308	0.0	359.814700ms	1100	359.814700ms	0.0	359.814700ms	1100	359.814700ms	0.0	83.018800ms	100	83.018800ms	3.765746379684021E-4	11.957800ms	18	11.957800ms	1.2056763241341528E-5	11.957800ms	18	11.957800ms	1.2056763241341528E-5	
164	62280	377	2356535	1213	75	276062.0	18	344122.0	2	350245.0	4	429274.0	82	390855.0	1.7976931348623157E308	0.0	357.181500ms	1100	357.181500ms	6.285410968799209E-7	357.181500ms	1100	357.181500ms	6.285410968799209E-7	84.202100ms	100	84.202100ms	0.0	10.299100ms	13	10.299100ms	4.3692062794121487E-5	10.299100ms	13	10.299100ms	4.3692062794121487E-5	
165	62654	373	2357735	1200	75	276062.0	18	344122.0	2	350245.0	4	429274.0	82	390855.0	1.7976931348623157E308	0.0	362.011900ms	1100	362.011900ms	0.0	362.011900ms	1100	362.011900ms	0.0	93.821400ms	100	93.821400ms	1.5513642463098277E-4	0s	0	0s	0.0	0s	0	0s	0.0	
166	63035	381	2358989	1254	75	275983.0	18	344122.0	2	350245.0	4	429274.0	82	390855.0	1.7976931348623157E308	0.0	356.648600ms	1100	356.648600ms	0.0	356.648600ms	1100	356.648600ms	0.0	87.912800ms	100	87.912800ms	0.0	13.727800ms	54	13.727800ms	5.299400000590025E-6	13.727800ms	54	13.727800ms	5.299400000590025E-6	
167	63415	380	2360203	1214	75	275974.0	18	344122.0	2	350245.0	4	429274.0	29	390695.0	1.7976931348623157E308	0.0	358.594100ms	1100	358.594100ms	2.635217975348199E-8	358.594100ms	1100	358.594100ms	2.635217975348199E-8	92.083400ms	100	92.083400ms	0.0016522566916059734	10.324800ms	14	10.324800ms	2.588151133567759E-7	10.324800ms	14	10.324800ms	2.588151133567759E-7	
168	63788	373	2361402	1199	75	275974.0	18	344122.0	2	350245.0	4	429274.0	29	390695.0	1.7976931348623157E308	0.0	363.258700ms	1100	363.258700ms	0.0	363.258700ms	1100	363.258700ms	0.0	86.410700ms	100	86.410700ms	0.0	0s	0	0s	0.0	0s	0	0s	0.0	
169	64168	379	2362612	1210	75	275691.0	18	344122.0	2	350245.0	4	429274.0	29	390695.0	1.7976931348623157E308	0.0	358.814400ms	1100	358.814400ms	7.545006457735067E-7	358.814400ms	1100	358.814400ms	7.545006457735067E-7	92.967300ms	100	92.967300ms	0.001067508196592677	9.951100ms	10	9.951100ms	1.9567060665137692E-5	9.951100ms	10	9.951100ms	1.9567060665137692E-5	
170	64542	374	2363812	1200	75	275530.0	18	344122.0	2	350245.0	4	429274.0	29	390695.0	1.7976931348623157E308	0.0	364.466700ms	1100	364.466700ms	5.308974045711593E-7	364.466700ms	1100	364.466700ms	5.308974045711593E-7	87.728100ms	100	87.728100ms	2.608144388612488E-4	0s	0	0s	0.0	0s	0	0s	0.0	
171	64914	371	2365012	1200	75	275470.0	18	344122.0	2	350245.0	4	429274.0	14	390116.0	1.7976931348623157E308	0.0	358.773800ms	1100	358.773800ms	1.9796557378674736E-7	358.773800ms	1100	358.773800ms	1.9796557378674736E-7	113.884300ms	100	113.884300ms	7.960759929117301E-4	0s	0	0s	0.0	0s	0	0s	0.0	
172	65283	368	2366212	1200	75	275399.0	18	344122.0	2	350245.0	4	429274.0	14	390116.0	1.7976931348623157E308	0.0	357.323700ms	1100	357.323700ms	2.3431028622153153E-7	357.323700ms	1100	357.323700ms	2.3431028622153153E-7	93.263500ms	100	93.263500ms	0.0	0s	0	0s	0.0	0s	0	0s	0.0	
173	65656	372	2367412	1200	75	275399.0	18	344122.0	2	350245.0	4	429274.0	14	390116.0	1.7976931348623157E308	0.0	362.364ms	1100	362.364ms	0.0	362.364ms	1100	362.364ms	0.0	91.955800ms	100	91.955800ms	0.0	0s	0	0s	0.0	0s	0	0s	0.0	
174	66035	378	2368629	1217	75	275241.0	18	344122.0	2	350245.0	4	429274.0	14	390116.0	1.7976931348623157E308	0.0	356.872100ms	1100	356.872100ms	0.0	356.872100ms	1100	356.872100ms	0.0	87.754600ms	100	87.754600ms	0.0	11.280900ms	18	11.280900ms	3.1872947170386023E-5	11.280900ms	18	11.280900ms	3.1872947170386023E-5	
175	66425	390	2369915	1286	75	274720.0	18	344122.0	2	350245.0	4	429274.0	14	390116.0	1.7976931348623157E308	0.0	362.25ms	1100	362.25ms	0.0	362.25ms	1100	362.25ms	0.0	88.732400ms	100	88.732400ms	2.000135274849546E-5	17.302600ms	86	17.302600ms	2.201030927399526E-5	17.302600ms	86	17.302600ms	2.201030927399526E-5	
176	66801	375	2371130	1215	75	274710.0	18	344122.0	2	350245.0	4	429274.0	14	390116.0	1.7976931348623157E308	0.0	354.823ms	1100	354.823ms	0.0	354.823ms	1100	354.823ms	0.0	82.714600ms	100	82.714600ms	0.0	10.890400ms	15	10.890400ms	2.426713259562341E-6	10.890400ms	15	10.890400ms	2.426713259562341E-6	
177	67180	379	2372334	1204	75	273815.0	18	344122.0	2	350245.0	4	429274.0	21	389947.0	1.7976931348623157E308	0.0	359.445500ms	1100	359.445500ms	1.3161681141200935E-6	359.445500ms	1100	359.445500ms	1.3161681141200935E-6	83.851500ms	100	83.851500ms	5.094994120405261E-4	10.622900ms	4	10.622900ms	4.5320519820901684E-4	10.622900ms	4	10.622900ms	4.5320519820901684E-4	
178	67552	371	2373534	1200	75	273815.0	18	344122.0	2	350245.0	4	429274.0	95	389053.0	1.7976931348623157E308	0.0	361.073400ms	1100	361.073400ms	0.0	361.073400ms	1100	361.073400ms	0.0	90.573ms	100	90.573ms	4.697762993680299E-4	0s	0	0s	0.0	0s	0	0s	0.0	
179	67932	379	2374780	1246	75	273709.0	18	344122.0	2	350245.0	4	429274.0	95	389053.0	1.7976931348623157E308	0.0	354.640400ms	1100	354.640400ms	0.0	354.640400ms	1100	354.640400ms	0.0	93.536400ms	100	93.536400ms	0.0	14.083500ms	46	14.083500ms	8.415710702799291E-6	14.083500ms	46	14.083500ms	8.415710702799291E-6	
180	68318	386	2376069	1289	75	273704.0	18	344122.0	2	350245.0	4	429274.0	3	388010.0	1.7976931348623157E308	0.0	357.484200ms	1100	357.484200ms	0.0	357.484200ms	1100	357.484200ms	0.0	83.293800ms	100	83.293800ms	6.846984054737804E-4	19.165200ms	89	19.165200ms	2.0525366458902252E-7	19.165200ms	89	19.165200ms	2.0525366458902252E-7	
181	68699	380	2377277	1208	75	273702.0	18	344122.0	2	350245.0	4	429274.0	3	388010.0	1.7976931348623157E308	0.0	358.369100ms	1100	358.369100ms	0.0	358.369100ms	1100	358.369100ms	0.0	103.987500ms	100	103.987500ms	2.5522803405029994E-4	10.471500ms	8	10.471500ms	9.133954929352317E-7	10.471500ms	8	10.471500ms	9.133954929352317E-7	
182	69079	380	2378538	1261	75	273691.0	18	344122.0	2	350245.0	4	429274.0	60	386587.0	1.7976931348623157E308	0.0	354.549200ms	1100	354.549200ms	0.0	354.549200ms	1100	354.549200ms	0.0	84.045600ms	100	84.045600ms	1.6570804958522146E-4	15.534400ms	61	15.534400ms	6.588474649528692E-7	15.534400ms	61	15.534400ms	6.588474649528692E-7	
183	69478	399	2379865	1327	75	273585.0	18	344122.0	2	350245.0	4	429274.0	67	386587.0	1.7976931348623157E308	0.0	355.934900ms	1100	355.934900ms	0.0	355.934900ms	1100	355.934900ms	0.0	225.613ms	100	225.613ms	9.529445777416456E-4	20.473800ms	127	20.473800ms	3.0495912152442402E-6	20.473800ms	127	20.473800ms	3.0495912152442402E-6	
184	69863	385	2381163	1298	75	273494.0	18	344122.0	84	348095.0	4	429274.0	63	386254.0	1.7976931348623157E308	0.0	355.989700ms	1100	355.989700ms	0.0	355.989700ms	1100	355.989700ms	0.0	88.775800ms	100	88.775800ms	0.001292837414351904	18.742600ms	98	18.742600ms	3.3940874995757134E-6	18.742600ms	98	18.742600ms	3.3940874995757134E-6	
185	70253	389	2382431	1268	75	273482.0	55	341747.0	18	344122.0	4	429274.0	9	384679.0	1.7976931348623157E308	0.0	362.547700ms	1100	362.547700ms	0.0	362.547700ms	1100	362.547700ms	0.0	94.745700ms	100	94.745700ms	0.0018150932744884962	16.325600ms	68	16.325600ms	6.452448252435099E-7	16.325600ms	68	16.325600ms	6.452448252435099E-7	
186	70671	417	2384128	1697	75	273467.0	55	341747.0	18	344122.0	4	429274.0	9	384679.0	1.7976931348623157E308	0.0	354.804600ms	1100	354.804600ms	0.0	354.804600ms	1100	354.804600ms	0.0	92.491700ms	100	92.491700ms	2.8907115069916057E-4	51.991300ms	497	51.991300ms	1.103585849127824E-7	51.991300ms	497	51.991300ms	1.103585849127824E-7	
187	71154	482	2386562	2434	75	270471.0	55	341747.0	18	344122.0	4	429274.0	30	384267.0	1.7976931348623157E308	0.0	356.140300ms	1100	356.140300ms	0.0	356.140300ms	1100	356.140300ms	0.0	83.439200ms	100	83.439200ms	0.0013462926968145416	116.648700ms	1234	116.648700ms	8.878134558607575E-6	116.648700ms	1234	116.648700ms	8.878134558607575E-6	
188	71539	385	2387779	1217	75	269352.0	55	341747.0	18	344122.0	4	429274.0	30	384267.0	1.7976931348623157E308	0.0	361.788900ms	1100	361.788900ms	3.475027876133983E-7	361.788900ms	1100	361.788900ms	3.475027876133983E-7	92.831900ms	100	92.831900ms	0.0	12.108100ms	17	12.108100ms	2.2096530083577239E-4	12.108100ms	17	12.108100ms	2.2096530083577239E-4	
189	71911	371	2388978	1199	75	268829.0	55	341747.0	18	344122.0	4	427762.0	17	383837.0	1.7976931348623157E308	0.0	360.703ms	1100	360.703ms	1.765179191001165E-6	360.703ms	1100	360.703ms	1.765179191001165E-6	93.223600ms	100	93.223600ms	4.491830134443553E-4	0s	0	0s	0.0	0s	0	0s	0.0	
190	72284	373	2390178	1200	75	268629.0	55	341747.0	18	344122.0	4	427762.0	17	383837.0	1.7976931348623157E308	0.0	362.497700ms	1100	362.497700ms	6.763339588295396E-7	362.497700ms	1100	362.497700ms	6.763339588295396E-7	91.338600ms	100	91.338600ms	0.0	0s	0	0s	0.0	0s	0	0s	0.0	
191	72662	378	2391378	1200	75	268629.0	55	341747.0	18	344122.0	4	427762.0	17	383837.0	1.7976931348623157E308	0.0	366.103300ms	1100	366.103300ms	0.0	366.103300ms	1100	366.103300ms	0.0	101.871900ms	100	101.871900ms	1.2729773562408564E-4	0s	0	0s	0.0	0s	0	0s	0.0	
192	73214	551	2394579	3201	75	268629.0	55	341747.0	18	344122.0	4	427762.0	17	383837.0	1.7976931348623157E308	0.0	356.991400ms	1100	356.991400ms	0.0	356.991400ms	1100	356.991400ms	0.0	89.574200ms	100	89.574200ms	2.876679172213481E-4	183.663900ms	2001	183.663900ms	0.0	183.663900ms	2001	183.663900ms	0.0	
193	73773	559	2397780	3201	75	268571.0	55	341747.0	18	344122.0	4	427762.0	17	383837.0	1.7976931348623157E308	0.0	356.319300ms	1100	356.319300ms	1.962828761127199E-7	356.319300ms	1100	356.319300ms	1.962828761127199E-7	109.312600ms	100	109.312600ms	4.978681663295037E-4	189.418200ms	2001	189.418200ms	0.0	189.418200ms	2001	189.418200ms	0.0	
194	74138	365	2398980	1200	75	268553.0	55	341747.0	18	344122.0	4	427762.0	30	383660.0	1.7976931348623157E308	0.0	355.645300ms	1100	355.645300ms	6.092853049522905E-8	355.645300ms	1100	355.645300ms	6.092853049522905E-8	83.764300ms	100	83.764300ms	4.269722965903444E-5	0s	0	0s	0.0	0s	0	0s	0.0	
195	74508	369	2400180	1200	75	268553.0	55	341747.0	18	344122.0	4	427762.0	97	383338.0	1.7976931348623157E308	0.0	359.563700ms	1100	359.563700ms	0.0	359.563700ms	1100	359.563700ms	0.0	86.719400ms	100	86.719400ms	9.064291751957876E-4	0s	0	0s	0.0	0s	0	0s	0.0	
196	74906	397	2401573	1393	75	268249.0	78	335311.0	55	341747.0	4	427762.0	5	382899.0	1.7976931348623157E308	0.0	358.394500ms	1100	358.394500ms	0.0	358.394500ms	1100	358.394500ms	0.0	109.456ms	100	109.456ms	0.0024633078756839456	26.406600ms	194	26.406600ms	5.8350132349233205E-6	26.406600ms	194	26.406600ms	5.8350132349233205E-6	
197	75291	385	2402882	1309	75	268206.0	78	335311.0	55	341747.0	4	427762.0	5	382899.0	1.7976931348623157E308	0.0	353.712100ms	1100	353.712100ms	0.0	353.712100ms	1100	353.712100ms	0.0	90.176600ms	100	90.176600ms	1.8545385888116495E-4	19.785500ms	109	19.785500ms	1.4706314388643466E-6	19.785500ms	109	19.785500ms	1.4706314388643466E-6	
198	75690	398	2404243	1361	75	268172.0	78	335311.0	55	341747.0	4	427762.0	5	382899.0	1.7976931348623157E308	0.0	362.567700ms	1100	362.567700ms	0.0	362.567700ms	1100	362.567700ms	0.0	88.177700ms	100	88.177700ms	0.0	25.656400ms	161	25.656400ms	7.873803129816131E-7	25.656400ms	161	25.656400ms	7.873803129816131E-7	
199	76099	409	2405801	1558	75	268064.0	78	335311.0	55	341747.0	4	427762.0	5	382899.0	1.7976931348623157E308	0.0	354.376900ms	1100	354.376900ms	0.0	354.376900ms	1100	354.376900ms	0.0	102.680600ms	100	102.680600ms	0.0	41.312500ms	358	41.312500ms	1.1249346600452823E-6	41.312500ms	358	41.312500ms	1.1249346600452823E-6	
200	76485	386	2407096	1295	75	268027.0	78	335311.0	55	341747.0	4	427762.0	85	382716.0	1.7976931348623157E308	0.0	355.288900ms	1100	355.288900ms	0.0	355.288900ms	1100	355.288900ms	0.0	95.557600ms	100	95.557600ms	6.161788729408535E-4	19.224600ms	95	19.224600ms	1.4529130514006003E-6	19.224600ms	95	19.224600ms	1.4529130514006003E-6	
201	76873	387	2408428	1332	75	267869.0	78	335311.0	55	341747.0	4	427762.0	85	382716.0	1.7976931348623157E308	0.0	355.130700ms	1100	355.130700ms	0.0	355.130700ms	1100	355.130700ms	0.0	94.911700ms	100	94.911700ms	0.0	21.555ms	133	21.555ms	4.4322770646689465E-6	21.555ms	133	21.555ms	4.4322770646689465E-6	
202	77267	393	2409684	1256	75	267475.0	78	335311.0	55	341747.0	4	427762.0	85	382716.0	1.7976931348623157E308	0.0	364.309400ms	1100	364.309400ms	0.0	364.309400ms	1100	364.309400ms	0.0	101.953400ms	100	101.953400ms	0.0	16.980600ms	56	16.980600ms	2.626550398035697E-5	16.980600ms	56	16.980600ms	2.626550398035697E-5	
203	77688	421	2411256	1572	75	267409.0	78	335311.0	55	341747.0	57	425439.0	85	382716.0	1.7976931348623157E308	0.0	365.149600ms	1100	365.149600ms	0.0	365.149600ms	1100	365.149600ms	0.0	89.168500ms	100	89.168500ms	9.637134668343617E-4	45.519900ms	372	45.519900ms	6.633119163985345E-7	45.519900ms	372	45.519900ms	6.633119163985345E-7	
204	78073	384	2412494	1238	75	267051.0	78	335311.0	55	341747.0	57	425439.0	68	382661.0	1.7976931348623157E308	0.0	360.598600ms	1100	360.598600ms	7.890853174690788E-7	360.598600ms	1100	360.598600ms	7.890853174690788E-7	82.796700ms	100	82.796700ms	2.7479006244296553E-4	14.215ms	38	14.215ms	1.2399692881257412E-5	14.215ms	38	14.215ms	1.2399692881257412E-5	
205	78441	368	2413693	1199	75	267051.0	78	335311.0	55	341747.0	57	425439.0	64	381859.0	1.7976931348623157E308	0.0	356.710800ms	1100	356.710800ms	0.0	356.710800ms	1100	356.710800ms	0.0	99.236300ms	100	99.236300ms	6.68228500512873E-4	0s	0	0s	0.0	0s	0	0s	0.0	
206	78855	413	2415256	1563	75	266966.0	78	335311.0	55	341747.0	57	425439.0	64	381859.0	1.7976931348623157E308	0.0	359.676300ms	1100	359.676300ms	0.0	359.676300ms	1100	359.676300ms	0.0	84.426200ms	100	84.426200ms	7.268359728086593E-5	44.390300ms	363	44.390300ms	8.768354344838884E-7	44.390300ms	363	44.390300ms	8.768354344838884E-7	
207	79239	384	2416499	1243	75	266915.0	78	335311.0	55	341747.0	57	425439.0	64	381859.0	1.7976931348623157E308	0.0	360.963900ms	1100	360.963900ms	0.0	360.963900ms	1100	360.963900ms	0.0	82.502200ms	100	82.502200ms	0.0	14.023300ms	43	14.023300ms	4.4426875018847294E-6	14.023300ms	43	14.023300ms	4.4426875018847294E-6	
208	79627	387	2417793	1294	75	266506.0	78	335311.0	55	341747.0	57	425439.0	64	381859.0	1.7976931348623157E308	0.0	356.963100ms	1100	356.963100ms	1.3590126551666814E-6	356.963100ms	1100	356.963100ms	1.3590126551666814E-6	83.908100ms	100	83.908100ms	2.36971239667757E-4	20.616ms	94	20.616ms	3.9856500655056474E-7	20.616ms	94	20.616ms	3.9856500655056474E-7	
209	79995	368	2418993	1200	75	266506.0	78	335311.0	55	341747.0	57	425439.0	46	381681.0	1.7976931348623157E308	0.0	357.810500ms	1100	357.810500ms	0.0	357.810500ms	1100	357.810500ms	0.0	84.723200ms	100	84.723200ms	4.7004012669296766E-4	0s	0	0s	0.0	0s	0	0s	0.0	
210	80379	384	2420204	1211	75	266493.0	78	335311.0	55	341747.0	57	425439.0	46	381681.0	1.7976931348623157E308	0.0	359.365200ms	1100	359.365200ms	0.0	359.365200ms	1100	359.365200ms	0.0	103.502800ms	100	103.502800ms	0.0	12.979900ms	11	12.979900ms	4.434489962023104E-6	12.979900ms	11	12.979900ms	4.434489962023104E-6	
211	80772	392	2421477	1273	75	266325.0	78	335311.0	55	341747.0	57	425439.0	46	381681.0	1.7976931348623157E308	0.0	364.217500ms	1100	364.217500ms	7.509001415450068E-8	364.217500ms	1100	364.217500ms	7.509001415450068E-8	83.231300ms	100	83.231300ms	6.090027361354999E-5	18.802ms	73	18.802ms	7.504887558022394E-6	18.802ms	73	18.802ms	7.504887558022394E-6	
212	81136	364	2422677	1200	75	266325.0	78	335311.0	55	341747.0	57	425439.0	46	381681.0	1.7976931348623157E308	0.0	354.415200ms	1100	354.415200ms	0.0	354.415200ms	1100	354.415200ms	0.0	84.754900ms	100	84.754900ms	3.3312772915075725E-4	0s	0	0s	0.0	0s	0	0s	0.0	
213	81526	389	2423933	1256	75	266295.0	78	335311.0	55	341747.0	57	425439.0	33	381451.0	1.7976931348623157E308	0.0	360.240200ms	1100	360.240200ms	0.0	360.240200ms	1100	360.240200ms	0.0	120.213200ms	100	120.213200ms	5.379054374806146E-4	16.404600ms	57	16.404600ms	1.9762162375814713E-6	16.404600ms	57	16.404600ms	1.9762162375814713E-6	
214	81924	398	2425312	1379	75	266292.0	78	335311.0	55	341747.0	57	425439.0	36	381300.0	1.7976931348623157E308	0.0	358.313100ms	1100	358.313100ms	0.0	358.313100ms	1100	358.313100ms	0.0	94.755ms	100	94.755ms	2.5429216334470482E-5	28.779100ms	179	28.779100ms	6.293688028836123E-8	28.779100ms	179	28.779100ms	6.293688028836123E-8	
215	82307	382	2426538	1226	75	265934.0	78	335311.0	55	341747.0	57	425439.0	72	380939.0	1.7976931348623157E308	0.0	356.435700ms	1100	356.435700ms	7.377931105152905E-7	356.435700ms	1100	356.435700ms	7.377931105152905E-7	91.799300ms	100	91.799300ms	7.544215161072565E-4	15.172800ms	26	15.172800ms	2.0509585197973165E-5	15.172800ms	26	15.172800ms	2.0509585197973165E-5	
216	82678	371	2427738	1200	75	265832.0	78	335311.0	55	341747.0	57	425439.0	72	380939.0	1.7976931348623157E308	0.0	360.161300ms	1100	360.161300ms	3.4868528554933176E-7	360.161300ms	1100	360.161300ms	3.4868528554933176E-7	89.740600ms	100	89.740600ms	0.0	0s	0	0s	0.0	0s	0	0s	0.0	
217	83049	370	2428938	1200	75	265667.0	78	335311.0	55	341747.0	57	425439.0	50	380779.0	1.7976931348623157E308	0.0	359.656600ms	1100	359.656600ms	5.642661530590554E-7	359.656600ms	1100	359.656600ms	5.642661530590554E-7	86.075900ms	100	86.075900ms	5.115782687980119E-4	0s	0	0s	0.0	0s	0	0s	0.0	
218	83418	368	2430138	1200	75	265667.0	78	335311.0	55	341747.0	57	425439.0	50	380779.0	1.7976931348623157E308	0.0	359.160500ms	1100	359.160500ms	0.0	359.160500ms	1100	359.160500ms	0.0	82.801800ms	100	82.801800ms	0.001145605774611489	0s	0	0s	0.0	0s	0	0s	0.0	
219	83802	384	2431356	1218	75	265527.0	78	335311.0	55	341747.0	57	425439.0	50	380779.0	1.7976931348623157E308	0.0	359.661600ms	1100	359.661600ms	0.0	359.661600ms	1100	359.661600ms	0.0	94.309300ms	100	94.309300ms	0.0	12.121800ms	18	12.121800ms	2.9276416633521813E-5	12.121800ms	18	12.121800ms	2.9276416633521813E-5	
220	84184	381	2432596	1240	75	265482.0	78	335311.0	55	341747.0	57	425439.0	50	380779.0	1.7976931348623157E308	0.0	356.477300ms	1100	356.477300ms	0.0	356.477300ms	1100	356.477300ms	0.0	98.976300ms	100	98.976300ms	0.0	13.721700ms	40	13.721700ms	4.236857268752337E-6	13.721700ms	40	13.721700ms	4.236857268752337E-6	
221	84634	450	2434471	1875	75	265472.0	78	335311.0	55	341747.0	57	425439.0	33	380481.0	1.7976931348623157E308	0.0	370.255ms	1100	370.255ms	0.0	370.255ms	1100	370.255ms	0.0	90.752400ms	100	90.752400ms	1.2064662611068533E-4	69.199ms	676	69.199ms	5.572091293679755E-8	69.199ms	676	69.199ms	5.572091293679755E-8	
222	85030	396	2435818	1347	75	265414.0	78	335311.0	55	341747.0	57	425439.0	33	380481.0	1.7976931348623157E308	0.0	362.768700ms	1100	362.768700ms	6.850309771049884E-9	362.768700ms	1100	362.768700ms	6.850309771049884E-9	89.456600ms	100	89.456600ms	0.0	22.805100ms	147	22.805100ms	1.4350002295999078E-6	22.805100ms	147	22.805100ms	1.4350002295999078E-6	
223	85401	370	2437018	1200	75	265414.0	78	335311.0	55	341747.0	57	425439.0	33	380481.0	1.7976931348623157E308	0.0	359.747900ms	1100	359.747900ms	0.0	359.747900ms	1100	359.747900ms	0.0	89.477700ms	100	89.477700ms	1.1816155653273874E-4	0s	0	0s	0.0	0s	0	0s	0.0	
224	85782	380	2438268	1250	75	265253.0	78	335311.0	55	341747.0	57	425439.0	33	380481.0	1.7976931348623157E308	0.0	354.508100ms	1100	354.508100ms	3.76982930212892E-8	354.508100ms	1100	354.508100ms	3.76982930212892E-8	103.723200ms	100	103.723200ms	5.596069494474254E-4	14.914600ms	51	14.914600ms	1.1081466955731094E-5	14.914600ms	51	14.914600ms	1.1081466955731094E-5	
225	86154	371	2439468	1200	75	265253.0	78	335311.0	55	341747.0	57	425439.0	33	380481.0	1.7976931348623157E308	0.0	361.558500ms	1100	361.558500ms	0.0	361.558500ms	1100	361.558500ms	0.0	88.546800ms	100	88.546800ms	0.0	0s	0	0s	0.0	0s	0	0s	0.0	
226	86536	382	2440696	1228	75	265141.0	78	335311.0	55	341747.0	57	425439.0	33	380481.0	1.7976931348623157E308	0.0	358.131300ms	1100	358.131300ms	0.0	358.131300ms	1100	358.131300ms	0.0	95.945500ms	100	95.945500ms	4.2309246719732685E-4	12.301200ms	28	12.301200ms	1.5079942545419872E-5	12.301200ms	28	12.301200ms	1.5079942545419872E-5	
227	87081	544	2443896	3200	75	265141.0	78	335311.0	55	341747.0	57	425439.0	33	380481.0	1.7976931348623157E308	0.0	350.546200ms	1100	350.546200ms	0.0	350.546200ms	1100	350.546200ms	0.0	99.549400ms	100	99.549400ms	0.0	182.471900ms	2001	182.471900ms	0.0	182.471900ms	2001	182.471900ms	0.0	
228	87627	546	2447097	3201	75	265141.0	78	335311.0	55	341747.0	57	425439.0	33	380481.0	1.7976931348623157E308	0.0	356.357500ms	1100	356.357500ms	0.0	356.357500ms	1100	356.357500ms	0.0	83.528900ms	100	83.528900ms	0.0	180.401900ms	2001	180.401900ms	0.0	180.401900ms	2001	180.401900ms	0.0	
229	88100	472	2449438	2341	75	265074.0	78	335311.0	55	341747.0	57	425439.0	33	380481.0	1.7976931348623157E308	0.0	354.403500ms	1100	354.403500ms	0.0	354.403500ms	1100	354.403500ms	0.0	82.551100ms	100	82.551100ms	0.0	108.908100ms	1141	108.908100ms	2.214686551065675E-7	108.908100ms	1141	108.908100ms	2.214686551065675E-7	
230	88544	443	2451271	1833	75	264978.0	78	335311.0	55	341747.0	57	425439.0	33	380481.0	1.7976931348623157E308	0.0	366.026700ms	1100	366.026700ms	0.0	366.026700ms	1100	366.026700ms	0.0	102.831500ms	100	102.831500ms	0.0	65.731500ms	633	65.731500ms	5.721374701876645E-7	65.731500ms	633	65.731500ms	5.721374701876645E-7	
231	88948	404	2452752	1481	75	264937.0	78	335311.0	55	341747.0	57	425439.0	33	380481.0	1.7976931348623157E308	0.0	359.199500ms	1100	359.199500ms	0.0	359.199500ms	1100	359.199500ms	0.0	96.660100ms	100	96.660100ms	3.313090547830777E-4	34.862900ms	281	34.862900ms	5.506399524096805E-7	34.862900ms	281	34.862900ms	5.506399524096805E-7	
232	89334	385	2454010	1258	75	264919.0	78	335311.0	55	341747.0	57	425439.0	33	380481.0	1.7976931348623157E308	0.0	357.231ms	1100	357.231ms	0.0	357.231ms	1100	357.231ms	0.0	112.978700ms	100	112.978700ms	1.8469091498137134E-4	15.424700ms	58	15.424700ms	1.171391038572215E-6	15.424700ms	58	15.424700ms	1.171391038572215E-6	
233	89720	386	2455265	1255	75	264762.0	78	335311.0	55	341747.0	57	425439.0	47	380284.0	1.7976931348623157E308	0.0	359.001500ms	1100	359.001500ms	0.0	359.001500ms	1100	359.001500ms	0.0	88.675ms	100	88.675ms	4.2855903309446555E-4	16.477700ms	55	16.477700ms	1.077516318023724E-5	16.477700ms	55	16.477700ms	1.077516318023724E-5	
234	90270	550	2458466	3201	75	264762.0	78	335311.0	55	341747.0	57	425439.0	14	379396.0	1.7976931348623157E308	0.0	354.167ms	1100	354.167ms	0.0	354.167ms	1100	354.167ms	0.0	88.242100ms	100	88.242100ms	6.751391019356579E-4	185.209400ms	2001	185.209400ms	0.0	185.209400ms	2001	185.209400ms	0.0	
235	90762	491	2460989	2523	75	264735.0	78	335311.0	55	341747.0	57	425439.0	14	379396.0	1.7976931348623157E308	0.0	356.305200ms	1100	356.305200ms	0.0	356.305200ms	1100	356.305200ms	0.0	87.829ms	100	87.829ms	2.0543275661699556E-4	125.223900ms	1323	125.223900ms	7.708116446209009E-8	125.223900ms	1323	125.223900ms	7.708116446209009E-8	
236	91312	549	2464190	3201	75	264735.0	78	335311.0	55	341747.0	57	425439.0	14	379396.0	1.7976931348623157E308	0.0	354.328800ms	1100	354.328800ms	0.0	354.328800ms	1100	354.328800ms	0.0	83.899900ms	100	83.899900ms	0.0	185.017700ms	2001	185.017700ms	0.0	185.017700ms	2001	185.017700ms	0.0	
237	91783	471	2466544	2354	75	264667.0	78	335311.0	55	341747.0	57	425439.0	14	379396.0	1.7976931348623157E308	0.0	351.294ms	1100	351.294ms	0.0	351.294ms	1100	351.294ms	0.0	82.970600ms	100	82.970600ms	0.0	110.197300ms	1154	110.197300ms	2.225828719403354E-7	110.197300ms	1154	110.197300ms	2.225828719403354E-7	
238	92171	388	2467796	1252	75	264653.0	78	335311.0	55	341747.0	57	425439.0	14	379396.0	1.7976931348623157E308	0.0	358.925400ms	1100	358.925400ms	0.0	358.925400ms	1100	358.925400ms	0.0	95.010600ms	100	95.010600ms	0.0	18.036300ms	52	18.036300ms	1.017243438853002E-6	18.036300ms	52	18.036300ms	1.017243438853002E-6	
239	92588	417	2469341	1545	75	264583.0	78	335311.0	55	341747.0	57	425439.0	14	379396.0	1.7976931348623157E308	0.0	361.850700ms	1100	361.850700ms	0.0	361.850700ms	1100	361.850700ms	0.0	96.167ms	100	96.167ms	0.0	42.911500ms	345	42.911500ms	7.666587974618644E-7	42.911500ms	345	42.911500ms	7.666587974618644E-7	
240	93138	549	2472542	3201	75	264583.0	78	335311.0	55	341747.0	57	425439.0	14	379396.0	1.7976931348623157E308	0.0	357.675ms	1100	357.675ms	0.0	357.675ms	1100	357.675ms	0.0	84.249600ms	100	84.249600ms	6.392692964353397E-4	182.286500ms	2001	182.286500ms	0.0	182.286500ms	2001	182.286500ms	0.0	
241	93684	546	2475743	3201	75	264425.0	78	335311.0	55	341747.0	57	425439.0	21	378545.0	1.7976931348623157E308	0.0	351.677600ms	1100	351.677600ms	5.428782787872147E-7	351.677600ms	1100	351.677600ms	5.428782787872147E-7	116.743700ms	100	116.743700ms	0.0020344957151524744	181.853700ms	2001	181.853700ms	0.0	181.853700ms	2001	181.853700ms	0.0	
242	94054	369	2476943	1200	75	264425.0	78	335311.0	55	341747.0	57	425439.0	21	378545.0	1.7976931348623157E308	0.0	359.067500ms	1100	359.067500ms	0.0	359.067500ms	1100	359.067500ms	0.0	85.933800ms	100	85.933800ms	0.0	0s	0	0s	0.0	0s	0	0s	0.0	
243	94597	543	2480143	3200	75	264425.0	78	335311.0	55	341747.0	57	425439.0	21	378545.0	1.7976931348623157E308	0.0	353.017400ms	1100	353.017400ms	0.0	353.017400ms	1100	353.017400ms	0.0	83.594200ms	100	83.594200ms	0.0	180.261200ms	2001	180.261200ms	0.0	180.261200ms	2001	180.261200ms	0.0	
244	95153	556	2483343	3200	75	264425.0	78	335311.0	55	341747.0	57	425439.0	21	378545.0	1.7976931348623157E308	0.0	360.526900ms	1100	360.526900ms	0.0	360.526900ms	1100	360.526900ms	0.0	86.548500ms	100	86.548500ms	0.0	185.496600ms	2001	185.496600ms	0.0	185.496600ms	2001	185.496600ms	0.0	
245	95707	554	2486544	3201	75	264425.0	78	335311.0	55	341747.0	57	425439.0	74	378040.0	1.7976931348623157E308	0.0	358.461600ms	1100	358.461600ms	0.0	358.461600ms	1100	358.461600ms	0.0	97.745200ms	100	97.745200ms	8.325341555976396E-4	184.119300ms	2001	184.119300ms	0.0	184.119300ms	2001	184.119300ms	0.0	
246	96255	548	2489745	3201	75	264185.0	78	335311.0	55	341747.0	57	425439.0	74	378040.0	1.7976931348623157E308	0.0	356.055600ms	1100	356.055600ms	8.251179660842293E-7	356.055600ms	1100	356.055600ms	8.251179660842293E-7	84.536600ms	100	84.536600ms	0.0	182.052900ms	2001	182.052900ms	0.0	182.052900ms	2001	182.052900ms	0.0	
247	96619	363	2490945	1200	75	264166.0	78	335311.0	55	341747.0	57	425439.0	74	378040.0	1.7976931348623157E308	0.0	353.856600ms	1100	353.856600ms	6.538118088736136E-8	353.856600ms	1100	353.856600ms	6.538118088736136E-8	84.279600ms	100	84.279600ms	0.0	0s	0	0s	0.0	0s	0	0s	0.0	
248	96986	367	2492145	1200	75	264166.0	78	335311.0	55	341747.0	57	425439.0	26	377623.0	1.7976931348623157E308	0.0	356.255500ms	1100	356.255500ms	0.0	356.255500ms	1100	356.255500ms	0.0	88.832900ms	100	88.832900ms	0.001181595966029505	0s	0	0s	0.0	0s	0	0s	0.0	
249	97546	560	2495346	3201	75	264166.0	78	335311.0	55	341747.0	57	425439.0	64	377252.0	1.7976931348623157E308	0.0	351.283700ms	1100	351.283700ms	0.0	351.283700ms	1100	351.283700ms	0.0	90.415600ms	100	90.415600ms	0.001315517972847886	197.604400ms	2001	197.604400ms	0.0	197.604400ms	2001	197.604400ms	0.0	
250	98119	572	2498547	3201	75	264166.0	78	335311.0	55	341747.0	57	425439.0	42	376940.0	1.7976931348623157E308	0.0	371.654200ms	1100	371.654200ms	0.0	371.654200ms	1100	371.654200ms	0.0	101.610200ms	100	101.610200ms	3.031456766240315E-4	189.245400ms	2001	189.245400ms	0.0	189.245400ms	2001	189.245400ms	0.0	
251	98521	402	2500039	1492	75	264115.0	78	335311.0	55	341747.0	57	425439.0	1	376908.0	1.7976931348623157E308	0.0	353.670200ms	1100	353.670200ms	6.884001477343431E-9	353.670200ms	1100	353.670200ms	6.884001477343431E-9	96.589700ms	100	96.589700ms	7.367196981622637E-4	37.091400ms	292	37.091400ms	6.352377640500486E-7	37.091400ms	292	37.091400ms	6.352377640500486E-7	
252	98892	370	2501239	1200	75	264115.0	78	335311.0	55	341747.0	57	425439.0	48	375530.0	1.7976931348623157E308	0.0	358.750600ms	1100	358.750600ms	0.0	358.750600ms	1100	358.750600ms	0.0	105.410600ms	100	105.410600ms	8.093879345016309E-4	0s	0	0s	0.0	0s	0	0s	0.0	
253	99271	379	2502470	1231	75	264094.0	78	335311.0	55	341747.0	57	425439.0	48	375530.0	1.7976931348623157E308	0.0	355.857600ms	1100	355.857600ms	0.0	355.857600ms	1100	355.857600ms	0.0	84.194ms	100	84.194ms	0.0	13.351200ms	31	13.351200ms	2.564865133893438E-6	13.351200ms	31	13.351200ms	2.564865133893438E-6	
254	99821	550	2505670	3200	75	264094.0	78	335311.0	55	341747.0	57	425439.0	48	375530.0	1.7976931348623157E308	0.0	351.681300ms	1100	351.681300ms	0.0	351.681300ms	1100	351.681300ms	0.0	91.255700ms	100	91.255700ms	0.0	188.057700ms	2001	188.057700ms	0.0	188.057700ms	2001	188.057700ms	0.0	
255	100221	400	2507104	1434	75	264017.0	78	335311.0	55	341747.0	57	425439.0	73	375182.0	1.7976931348623157E308	0.0	355.472800ms	1100	355.472800ms	0.0	355.472800ms	1100	355.472800ms	0.0	89.098300ms	100	89.098300ms	6.503920727564438E-4	33.509300ms	234	33.509300ms	1.2459950966695031E-6	33.509300ms	234	33.509300ms	1.2459950966695031E-6	
256	100602	380	2508318	1214	75	263639.0	78	335311.0	55	341747.0	57	425439.0	73	375182.0	1.7976931348623157E308	0.0	357.814700ms	1100	357.814700ms	0.0	357.814700ms	1100	357.814700ms	0.0	89.344100ms	100	89.344100ms	1.3416433911865867E-5	11.365900ms	14	11.365900ms	1.0226614195298276E-4	11.365900ms	14	11.365900ms	1.0226614195298276E-4	
257	100985	383	2509625	1307	75	263635.0	78	335311.0	55	341747.0	57	425439.0	73	375182.0	1.7976931348623157E308	0.0	352.822ms	1100	352.822ms	0.0	352.822ms	1100	352.822ms	0.0	87.638800ms	100	87.638800ms	0.0	20.384700ms	107	20.384700ms	1.4179684178022586E-7	20.384700ms	107	20.384700ms	1.4179684178022586E-7	
258	101383	397	2510864	1239	75	263613.0	78	335311.0	55	341747.0	57	425439.0	73	375182.0	1.7976931348623157E308	0.0	374.147ms	1100	374.147ms	0.0	374.147ms	1100	374.147ms	0.0	83.064700ms	100	83.064700ms	0.0	13.836400ms	39	13.836400ms	2.1397104485468633E-6	13.836400ms	39	13.836400ms	2.1397104485468633E-6	
259	101769	386	2512067	1203	75	263596.0	78	335311.0	55	341747.0	70	410121.0	73	375182.0	1.7976931348623157E308	0.0	364.334700ms	1100	364.334700ms	0.0	364.334700ms	1100	364.334700ms	0.0	97.049500ms	100	97.049500ms	4.90411081259593E-4	10.364100ms	4	10.364100ms	1.6122118408429253E-5	10.364100ms	4	10.364100ms	1.6122118408429253E-5	
260	102159	389	2513318	1251	75	263509.0	78	335311.0	55	341747.0	70	410121.0	73	375182.0	1.7976931348623157E308	0.0	363.711200ms	1100	363.711200ms	0.0	363.711200ms	1100	363.711200ms	0.0	90.442300ms	100	90.442300ms	0.0	15.062800ms	51	15.062800ms	6.47157905636304E-6	15.062800ms	51	15.062800ms	6.47157905636304E-6	
261	102643	484	2515450	2132	75	263495.0	78	335311.0	55	341747.0	70	410121.0	73	375182.0	1.7976931348623157E308	0.0	378.850100ms	1100	378.850100ms	0.0	378.850100ms	1100	378.850100ms	0.0	90.316500ms	100	90.316500ms	0.0	95.224100ms	932	95.224100ms	5.7005488341795764E-8	95.224100ms	932	95.224100ms	5.7005488341795764E-8	
262	103068	424	2517161	1711	75	263299.0	78	335311.0	55	341747.0	70	410121.0	73	375182.0	1.7976931348623157E308	0.0	358.318700ms	1100	358.318700ms	0.0	358.318700ms	1100	358.318700ms	0.0	82.891400ms	100	82.891400ms	2.72480286966581E-5	56.977900ms	511	56.977900ms	1.4556695339025096E-6	56.977900ms	511	56.977900ms	1.4556695339025096E-6	
263	103451	382	2518400	1239	75	263156.0	78	335311.0	55	341747.0	70	410121.0	87	375055.0	1.7976931348623157E308	0.0	358.41ms	1100	358.41ms	0.0	358.41ms	1100	358.41ms	0.0	89.906400ms	100	89.906400ms	5.249708335354353E-4	13.805200ms	39	13.805200ms	1.392586628383252E-5	13.805200ms	39	13.805200ms	1.392586628383252E-5	
264	104003	551	2521601	3201	75	263156.0	78	335311.0	55	341747.0	70	410121.0	87	375055.0	1.7976931348623157E308	0.0	362.051900ms	1100	362.051900ms	0.0	362.051900ms	1100	362.051900ms	0.0	83.613900ms	100	83.613900ms	0.0	179.935700ms	2001	179.935700ms	0.0	179.935700ms	2001	179.935700ms	0.0	
265	104386	383	2522875	1274	75	263152.0	78	335311.0	55	341747.0	70	410121.0	87	375055.0	1.7976931348623157E308	0.0	356.623300ms	1100	356.623300ms	0.0	356.623300ms	1100	356.623300ms	0.0	81.874500ms	100	81.874500ms	0.0	17.410600ms	74	17.410600ms	2.0540688433490217E-7	17.410600ms	74	17.410600ms	2.0540688433490217E-7	
266	104776	389	2524194	1319	75	263129.0	78	335311.0	55	341747.0	70	410121.0	87	375055.0	1.7976931348623157E308	0.0	354.680700ms	1100	354.680700ms	0.0	354.680700ms	1100	354.680700ms	0.0	94.955200ms	100	94.955200ms	3.303447997497499E-4	23.442ms	119	23.442ms	7.344702336460396E-7	23.442ms	119	23.442ms	7.344702336460396E-7	
267	105178	402	2525672	1478	75	263124.0	78	335311.0	55	341747.0	70	410121.0	87	375055.0	1.7976931348623157E308	0.0	354.960900ms	1100	354.960900ms	0.0	354.960900ms	1100	354.960900ms	0.0	116.322300ms	100	116.322300ms	0.0	35.465200ms	278	35.465200ms	6.835282888176912E-8	35.465200ms	278	35.465200ms	6.835282888176912E-8	
268	105586	407	2527263	1591	75	263027.0	78	335311.0	55	341747.0	70	410121.0	87	375055.0	1.7976931348623157E308	0.0	353.348200ms	1100	353.348200ms	0.0	353.348200ms	1100	353.348200ms	0.0	88.209300ms	100	88.209300ms	0.0	43.774400ms	391	43.774400ms	9.428324342599966E-7	43.774400ms	391	43.774400ms	9.428324342599966E-7	
269	105989	403	2528732	1469	75	263026.0	78	335311.0	55	341747.0	70	410121.0	87	375055.0	1.7976931348623157E308	0.0	358.124900ms	1100	358.124900ms	0.0	358.124900ms	1100	358.124900ms	0.0	103.609300ms	100	103.609300ms	0.0	33.442700ms	269	33.442700ms	1.4133424017247812E-8	33.442700ms	269	33.442700ms	1.4133424017247812E-8	
270	106438	449	2530735	2003	75	262970.0	78	335311.0	55	341747.0	70	410121.0	34	374975.0	1.7976931348623157E308	0.0	356.839600ms	1100	356.839600ms	0.0	356.839600ms	1100	356.839600ms	0.0	91.008800ms	100	91.008800ms	6.469685747539943E-4	82.130300ms	803	82.130300ms	2.651391143741493E-7	82.130300ms	803	82.130300ms	2.651391143741493E-7	
271	106827	388	2532034	1299	75	262920.0	78	335311.0	55	341747.0	70	410121.0	34	374975.0	1.7976931348623157E308	0.0	357.845400ms	1100	357.845400ms	0.0	357.845400ms	1100	357.845400ms	0.0	100.942100ms	100	100.942100ms	0.0	18.704100ms	99	18.704100ms	1.920563201318166E-6	18.704100ms	99	18.704100ms	1.920563201318166E-6	
272	107217	390	2533376	1342	75	262882.0	78	335311.0	55	341747.0	70	410121.0	34	374975.0	1.7976931348623157E308	0.0	357.541400ms	1100	357.541400ms	0.0	357.541400ms	1100	357.541400ms	0.0	83.474100ms	100	83.474100ms	0.0	22.957500ms	142	22.957500ms	1.0178215191037883E-6	22.957500ms	142	22.957500ms	1.0178215191037883E-6	
273	107596	379	2534600	1224	75	262879.0	78	335311.0	55	341747.0	70	410121.0	34	374975.0	1.7976931348623157E308	0.0	354.570700ms	1100	354.570700ms	0.0	354.570700ms	1100	354.570700ms	0.0	98.55ms	100	98.55ms	1.1733705506893344E-4	13.541500ms	24	13.541500ms	4.754985126383578E-7	13.541500ms	24	13.541500ms	4.754985126383578E-7	
274	107983	386	2535905	1305	75	262851.0	78	335311.0	55	341747.0	45	409395.0	34	374975.0	1.7976931348623157E308	0.0	355.014400ms	1100	355.014400ms	0.0	355.014400ms	1100	355.014400ms	0.0	92.719900ms	100	92.719900ms	0.0010630928944328332	20.842ms	105	20.842ms	1.0144084033595188E-6	20.842ms	105	20.842ms	1.0144084033595188E-6	
275	108390	407	2537389	1484	75	262818.0	78	335311.0	55	341747.0	45	409395.0	34	374975.0	1.7976931348623157E308	0.0	357.734200ms	1100	357.734200ms	0.0	357.734200ms	1100	357.734200ms	0.0	91.955ms	100	91.955ms	0.0	38.391900ms	284	38.391900ms	4.42064831781521E-7	38.391900ms	284	38.391900ms	4.42064831781521E-7	
276	108774	383	2538631	1242	75	262791.0	78	335311.0	55	341747.0	45	409395.0	47	374705.0	1.7976931348623157E308	0.0	356.390100ms	1100	356.390100ms	0.0	356.390100ms	1100	356.390100ms	0.0	100.105700ms	100	100.105700ms	5.35274114323755E-4	15.925300ms	42	15.925300ms	2.4460164176633887E-6	15.925300ms	42	15.925300ms	2.4460164176633887E-6	
277	109163	388	2539908	1277	75	262756.0	78	335311.0	55	341747.0	45	409395.0	47	374705.0	1.7976931348623157E308	0.0	361.994200ms	1100	361.994200ms	0.0	361.994200ms	1100	361.994200ms	0.0	82.669600ms	100	82.669600ms	1.1402020572546467E-4	16.954100ms	77	16.954100ms	1.729684253057631E-6	16.954100ms	77	16.954100ms	1.729684253057631E-6	
278	109547	383	2541180	1272	75	262730.0	78	335311.0	55	341747.0	45	409395.0	27	374652.0	1.7976931348623157E308	0.0	357.427400ms	1100	357.427400ms	0.0	357.427400ms	1100	357.427400ms	0.0	82.160900ms	100	82.160900ms	8.952625519781698E-4	16.422300ms	72	16.422300ms	1.3743210853835637E-6	16.422300ms	72	16.422300ms	1.3743210853835637E-6	
279	109943	396	2542529	1349	75	262728.0	78	335311.0	55	341747.0	45	409395.0	27	374652.0	1.7976931348623157E308	0.0	360.851800ms	1100	360.851800ms	0.0	360.851800ms	1100	360.851800ms	0.0	86.839100ms	100	86.839100ms	0.0	25.028800ms	149	25.028800ms	5.108978339713991E-8	25.028800ms	149	25.028800ms	5.108978339713991E-8	
280	110326	382	2543763	1234	75	262640.0	78	335311.0	55	341747.0	45	409395.0	27	374652.0	1.7976931348623157E308	0.0	359.265100ms	1100	359.265100ms	1.9725456254989075E-7	359.265100ms	1100	359.265100ms	1.9725456254989075E-7	90.746200ms	100	90.746200ms	0.0	13.239ms	34	13.239ms	3.470375087094253E-6	13.239ms	34	13.239ms	3.470375087094253E-6	
281	110692	366	2544963	1200	75	262640.0	78	335311.0	55	341747.0	45	409395.0	27	374652.0	1.7976931348623157E308	0.0	356.504100ms	1100	356.504100ms	0.0	356.504100ms	1100	356.504100ms	0.0	85.924100ms	100	85.924100ms	6.33014405584953E-5	0s	0	0s	0.0	0s	0	0s	0.0	
282	111079	387	2546285	1322	75	262617.0	78	335311.0	55	341747.0	45	409395.0	27	374652.0	1.7976931348623157E308	0.0	355.926800ms	1100	355.926800ms	0.0	355.926800ms	1100	355.926800ms	0.0	83.631900ms	100	83.631900ms	0.0	21.431700ms	122	21.431700ms	7.178060849981918E-7	21.431700ms	122	21.431700ms	7.178060849981918E-7	
283	111466	386	2547576	1291	75	262611.0	78	335311.0	55	341747.0	45	409395.0	27	374652.0	1.7976931348623157E308	0.0	357.169800ms	1100	357.169800ms	0.0	357.169800ms	1100	357.169800ms	0.0	96.240900ms	100	96.240900ms	6.315970798616121E-4	18.416200ms	91	18.416200ms	2.51065490558594E-7	18.416200ms	91	18.416200ms	2.51065490558594E-7	
284	111849	382	2548830	1254	75	262211.0	78	335311.0	55	341747.0	45	409395.0	27	374652.0	1.7976931348623157E308	0.0	356.147800ms	1100	356.147800ms	0.0	356.147800ms	1100	356.147800ms	0.0	85.341700ms	100	85.341700ms	0.0	16.254300ms	54	16.254300ms	2.820676745226816E-5	16.254300ms	54	16.254300ms	2.820676745226816E-5	
285	112231	382	2550045	1215	75	261890.0	78	335311.0	55	341747.0	45	409395.0	27	374652.0	1.7976931348623157E308	0.0	357.185200ms	1100	357.185200ms	1.8740993911263312E-7	357.185200ms	1100	357.185200ms	1.8740993911263312E-7	117.008900ms	100	117.008900ms	3.626110739453015E-4	12.836600ms	15	12.836600ms	6.788426114846165E-5	12.836600ms	15	12.836600ms	6.788426114846165E-5	
286	112602	370	2551245	1200	75	261890.0	78	335311.0	55	341747.0	45	409395.0	98	373872.0	1.7976931348623157E308	0.0	360.322300ms	1100	360.322300ms	0.0	360.322300ms	1100	360.322300ms	0.0	89.897800ms	100	89.897800ms	6.444475948496397E-4	0s	0	0s	0.0	0s	0	0s	0.0	
287	112987	385	2552528	1283	75	261800.0	78	335311.0	55	341747.0	44	400194.0	31	373742.0	1.7976931348623157E308	0.0	356.483200ms	1100	356.483200ms	0.0	356.483200ms	1100	356.483200ms	0.0	91.611200ms	100	91.611200ms	0.0016239817291368974	17.622200ms	83	17.622200ms	4.140430521966002E-6	17.622200ms	83	17.622200ms	4.140430521966002E-6	
288	113388	400	2553983	1455	75	261689.0	78	335311.0	55	341747.0	44	400194.0	31	373742.0	1.7976931348623157E308	0.0	357.596400ms	1100	357.596400ms	0.0	357.596400ms	1100	357.596400ms	0.0	82.125800ms	100	82.125800ms	0.0	33.403ms	255	33.403ms	1.662697164427373E-6	33.403ms	255	33.403ms	1.662697164427373E-6	
289	113787	399	2555395	1412	75	261681.0	78	335311.0	55	341747.0	44	400194.0	31	373742.0	1.7976931348623157E308	0.0	359.649100ms	1100	359.649100ms	0.0	359.649100ms	1100	359.649100ms	0.0	92.912400ms	100	92.912400ms	4.3164377052908655E-4	28.698500ms	214	28.698500ms	1.4285345417697215E-7	28.698500ms	214	28.698500ms	1.4285345417697215E-7	
290	114179	391	2556745	1350	75	261583.0	78	335311.0	55	341747.0	44	400194.0	31	373742.0	1.7976931348623157E308	0.0	358.404ms	1100	358.404ms	1.772079942348585E-7	358.404ms	1100	358.404ms	1.772079942348585E-7	83.281500ms	100	83.281500ms	1.2174197443896584E-4	22.998100ms	150	22.998100ms	1.1973866399676385E-6	22.998100ms	150	22.998100ms	1.1973866399676385E-6	
291	114548	369	2557945	1200	75	261583.0	78	335311.0	55	341747.0	44	400194.0	31	373742.0	1.7976931348623157E308	0.0	359.445300ms	1100	359.445300ms	0.0	359.445300ms	1100	359.445300ms	0.0	86.218300ms	100	86.218300ms	1.4689532200545363E-4	0s	0	0s	0.0	0s	0	0s	0.0	
292	114926	378	2559201	1256	75	261430.0	81	326304.0	78	335311.0	44	400194.0	8	373064.0	1.7976931348623157E308	0.0	352.872300ms	1100	352.872300ms	0.0	352.872300ms	1100	352.872300ms	0.0	88.168300ms	100	88.168300ms	0.001535125038912525	14.763500ms	56	14.763500ms	1.0444649908988063E-5	14.763500ms	56	14.763500ms	1.0444649908988063E-5	
293	115377	450	2561198	1997	75	261286.0	81	326304.0	78	335311.0	44	400194.0	8	373064.0	1.7976931348623157E308	0.0	358.477800ms	1100	358.477800ms	0.0	358.477800ms	1100	358.477800ms	0.0	92.419600ms	100	92.419600ms	0.0	79.486500ms	797	79.486500ms	6.911124996286366E-7	79.486500ms	797	79.486500ms	6.911124996286366E-7	
294	115858	481	2563586	2388	75	261265.0	81	326304.0	78	335311.0	44	400194.0	8	373064.0	1.7976931348623157E308	0.0	356.407200ms	1100	356.407200ms	0.0	356.407200ms	1100	356.407200ms	0.0	83.668700ms	100	83.668700ms	6.256438597244285E-4	115.120500ms	1188	115.120500ms	6.76529461080157E-8	115.120500ms	1188	115.120500ms	6.76529461080157E-8	
295	116258	400	2565029	1443	75	261212.0	81	326304.0	78	335311.0	44	400194.0	8	373064.0	1.7976931348623157E308	0.0	356.901900ms	1100	356.901900ms	0.0	356.901900ms	1100	356.901900ms	0.0	101.473600ms	100	101.473600ms	0.0	31.443ms	243	31.443ms	8.34811382637658E-7	31.443ms	243	31.443ms	8.34811382637658E-7	
296	116692	434	2566886	1857	75	261156.0	81	326304.0	78	335311.0	44	400194.0	8	373064.0	1.7976931348623157E308	0.0	355.062ms	1100	355.062ms	0.0	355.062ms	1100	355.062ms	0.0	90.732600ms	100	90.732600ms	0.0	68.629700ms	657	68.629700ms	3.2630936117933644E-7	68.629700ms	657	68.629700ms	3.2630936117933644E-7	
297	117244	551	2570087	3201	75	260835.0	81	326304.0	78	335311.0	44	400194.0	29	372644.0	1.7976931348623157E308	0.0	357.338300ms	1100	357.338300ms	1.1174094480623989E-6	357.338300ms	1100	357.338300ms	1.1174094480623989E-6	94.290200ms	100	94.290200ms	7.2065415883945E-4	182.549800ms	2001	182.549800ms	0.0	182.549800ms	2001	182.549800ms	0.0	
298	117608	364	2571287	1200	75	260835.0	81	326304.0	78	335311.0	44	400194.0	29	372644.0	1.7976931348623157E308	0.0	354.151300ms	1100	354.151300ms	0.0	354.151300ms	1100	354.151300ms	0.0	86.641100ms	100	86.641100ms	0.0	0s	0	0s	0.0	0s	0	0s	0.0	
299	118051	442	2573313	2026	75	260753.0	81	326304.0	78	335311.0	44	400194.0	29	372644.0	1.7976931348623157E308	0.0	350.970100ms	1100	350.970100ms	0.0	350.970100ms	1100	350.970100ms	0.0	87.615700ms	100	87.615700ms	0.0	81.873900ms	826	81.873900ms	3.8059925910318176E-7	81.873900ms	826	81.873900ms	3.8059925910318176E-7	
300	118435	384	2574570	1257	75	260733.0	81	326304.0	78	335311.0	44	400194.0	94	370894.0	1.7976931348623157E308	0.0	358.774800ms	1100	358.774800ms	0.0	358.774800ms	1100	358.774800ms	0.0	83.802ms	100	83.802ms	3.905627665057865E-4	15.834ms	57	15.834ms	1.3456305123329522E-6	15.834ms	57	15.834ms	1.3456305123329522E-6	
301	118857	421	2576233	1663	75	260729.0	81	326304.0	78	335311.0	44	400194.0	65	370329.0	1.7976931348623157E308	0.0	360.651800ms	1100	360.651800ms	0.0	360.651800ms	1100	360.651800ms	0.0	83.325800ms	100	83.325800ms	0.0010846549392447558	50.872700ms	463	50.872700ms	3.313469662553857E-8	50.872700ms	463	50.872700ms	3.313469662553857E-8	
302	119252	395	2577579	1346	75	260425.0	81	326304.0	78	335311.0	44	400194.0	88	370325.0	1.7976931348623157E308	0.0	362.886700ms	1100	362.886700ms	3.8731342658627664E-7	362.886700ms	1100	362.886700ms	3.8731342658627664E-7	84.621200ms	100	84.621200ms	8.400465355269749E-4	22.729700ms	146	22.729700ms	5.070083528181041E-6	22.729700ms	146	22.729700ms	5.070083528181041E-6	
303	119622	369	2578777	1198	75	260425.0	81	326304.0	78	335311.0	44	400194.0	88	370325.0	1.7976931348623157E308	0.0	358.851700ms	1100	358.851700ms	0.0	358.851700ms	1100	358.851700ms	0.0	91.305900ms	100	91.305900ms	0.0	0s	0	0s	0.0	0s	0	0s	0.0	
304	119996	374	2580025	1248	75	260405.0	81	326304.0	78	335311.0	44	400194.0	88	370325.0	1.7976931348623157E308	0.0	348.174800ms	1100	348.174800ms	0.0	348.174800ms	1100	348.174800ms	0.0	106.788800ms	100	106.788800ms	8.448399636989179E-4	14.259200ms	48	14.259200ms	1.5999488016393837E-6	14.259200ms	48	14.259200ms	1.5999488016393837E-6	
305	120440	444	2582082	2057	75	260404.0	81	326304.0	78	335311.0	44	400194.0	88	370325.0	1.7976931348623157E308	0.0	347.128900ms	1100	347.128900ms	0.0	347.128900ms	1100	347.128900ms	0.0	87.568700ms	100	87.568700ms	0.0	85.680300ms	857	85.680300ms	4.480947537564763E-9	85.680300ms	857	85.680300ms	4.480947537564763E-9	
306	120976	535	2585283	3201	75	260404.0	81	326304.0	78	335311.0	44	400194.0	88	370325.0	1.7976931348623157E308	0.0	348.809700ms	1100	348.809700ms	0.0	348.809700ms	1100	348.809700ms	0.0	84.549ms	100	84.549ms	0.0	176.989900ms	2001	176.989900ms	0.0	176.989900ms	2001	176.989900ms	0.0	
307	121376	400	2586840	1557	75	259752.0	81	326304.0	78	335311.0	44	400194.0	88	370325.0	1.7976931348623157E308	0.0	347.715300ms	1100	347.715300ms	0.0	347.715300ms	1100	347.715300ms	0.0	88.731400ms	100	88.731400ms	0.0	41.597800ms	358	41.597800ms	6.993859734410124E-6	41.597800ms	358	41.597800ms	6.993859734410124E-6	
308	121753	376	2588076	1236	75	259741.0	81	326304.0	78	335311.0	44	400194.0	88	370325.0	1.7976931348623157E308	0.0	348.505700ms	1100	348.505700ms	0.0	348.505700ms	1100	348.505700ms	0.0	98.433400ms	100	98.433400ms	3.8806900480519937E-4	15.352200ms	37	15.352200ms	1.144542861258418E-6	15.352200ms	37	15.352200ms	1.144542861258418E-6	
309	122129	375	2589346	1270	75	259643.0	81	326304.0	78	335311.0	44	400194.0	88	370325.0	1.7976931348623157E308	0.0	348.478700ms	1100	348.478700ms	0.0	348.478700ms	1100	348.478700ms	0.0	91.606600ms	100	91.606600ms	0.0	16.257600ms	70	16.257600ms	5.389984638543803E-6	16.257600ms	70	16.257600ms	5.389984638543803E-6	
310	122504	375	2590608	1262	75	259564.0	81	326304.0	78	335311.0	44	400194.0	15	369540.0	1.7976931348623157E308	0.0	350.45ms	1100	350.45ms	0.0	350.45ms	1100	350.45ms	0.0	83.055600ms	100	83.055600ms	2.5061068661126894E-4	15.283500ms	62	15.283500ms	4.907482768212734E-6	15.283500ms	62	15.283500ms	4.907482768212734E-6	
311	122891	386	2592049	1441	75	259434.0	81	326304.0	78	335311.0	44	400194.0	15	369540.0	1.7976931348623157E308	0.0	346.234400ms	1100	346.234400ms	0.0	346.234400ms	1100	346.234400ms	0.0	82.795200ms	100	82.795200ms	0.0	30.891500ms	242	30.891500ms	2.0695862394039888E-6	30.891500ms	242	30.891500ms	2.0695862394039888E-6	
312	123292	400	2593352	1303	75	259389.0	81	326304.0	78	335311.0	44	400194.0	15	369540.0	1.7976931348623157E308	0.0	370.984100ms	1100	370.984100ms	0.0	370.984100ms	1100	370.984100ms	0.0	84.149ms	100	84.149ms	0.0	19.610600ms	103	19.610600ms	1.6840244682016454E-6	19.610600ms	103	19.610600ms	1.6840244682016454E-6	
313	123695	403	2594905	1553	75	259240.0	81	326304.0	78	335311.0	44	400194.0	15	369540.0	1.7976931348623157E308	0.0	349.054600ms	1100	349.054600ms	3.40027910332214E-7	349.054600ms	1100	349.054600ms	3.40027910332214E-7	84.916300ms	100	84.916300ms	0.0	43.737200ms	353	43.737200ms	5.67906818984818E-7	43.737200ms	353	43.737200ms	5.67906818984818E-7	
314	124057	362	2596105	1200	75	259240.0	81	326304.0	78	335311.0	44	400194.0	15	369540.0	1.7976931348623157E308	0.0	352.304400ms	1100	352.304400ms	0.0	352.304400ms	1100	352.304400ms	0.0	84.370600ms	100	84.370600ms	0.0	0s	0	0s	0.0	0s	0	0s	0.0	
315	124436	379	2597415	1310	75	259202.0	81	326304.0	78	335311.0	44	400194.0	59	369422.0	1.7976931348623157E308	0.0	349.221400ms	1100	349.221400ms	0.0	349.221400ms	1100	349.221400ms	0.0	89.139100ms	100	89.139100ms	0.0012118789470815282	19.664600ms	110	19.664600ms	1.3325665231237157E-6	19.664600ms	110	19.664600ms	1.3325665231237157E-6	
316	124813	376	2598633	1218	75	258925.0	81	326304.0	78	335311.0	44	400194.0	59	369422.0	1.7976931348623157E308	0.0	353.863500ms	1100	353.863500ms	0.0	353.863500ms	1100	353.863500ms	0.0	90.855700ms	100	90.855700ms	0.0	11.937200ms	18	11.937200ms	5.9370255202078554E-5	11.937200ms	18	11.937200ms	5.9370255202078554E-5	
317	125187	374	2599856	1223	75	258819.0	81	326304.0	78	335311.0	44	400194.0	59	369422.0	1.7976931348623157E308	0.0	351.460200ms	1100	351.460200ms	0.0	351.460200ms	1100	351.460200ms	0.0	88.372800ms	100	88.372800ms	0.0	12.22ms	23	12.22ms	1.7799345957996053E-5	12.22ms	23	12.22ms	1.7799345957996053E-5	
318	125582	394	2601316	1460	75	258797.0	81	326304.0	78	335311.0	44	400194.0	53	368481.0	1.7976931348623157E308	0.0	349.664900ms	1100	349.664900ms	0.0	349.664900ms	1100	349.664900ms	0.0	107.736300ms	100	107.736300ms	0.001826077425800734	32.632500ms	260	32.632500ms	3.269287981768962E-7	32.632500ms	260	32.632500ms	3.269287981768962E-7	
319	125959	377	2602532	1216	75	258727.0	81	326304.0	78	335311.0	44	400194.0	53	368481.0	1.7976931348623157E308	0.0	354.453100ms	1100	354.453100ms	3.5136935666086282E-9	354.453100ms	1100	354.453100ms	3.5136935666086282E-9	89.117900ms	100	89.117900ms	0.0	11.723500ms	16	11.723500ms	1.66636398412634E-5	11.723500ms	16	11.723500ms	1.66636398412634E-5	
320	126317	358	2603732	1200	75	258727.0	81	326304.0	78	335311.0	44	400194.0	53	368481.0	1.7976931348623157E308	0.0	348.375ms	1100	348.375ms	0.0	348.375ms	1100	348.375ms	0.0	83.163ms	100	83.163ms	3.555389009067322E-4	0s	0	0s	0.0	0s	0	0s	0.0	
321	126849	532	2606932	3200	75	258721.0	81	326304.0	78	335311.0	44	400194.0	53	368481.0	1.7976931348623157E308	0.0	346.009300ms	1100	346.009300ms	2.1082242883562296E-8	346.009300ms	1100	346.009300ms	2.1082242883562296E-8	88.608700ms	100	88.608700ms	0.0	175.927200ms	2001	175.927200ms	0.0	175.927200ms	2001	175.927200ms	0.0	
322	127208	358	2608131	1199	75	258721.0	81	326304.0	78	335311.0	44	400194.0	53	368481.0	1.7976931348623157E308	0.0	348.619300ms	1100	348.619300ms	0.0	348.619300ms	1100	348.619300ms	0.0	85.91ms	100	85.91ms	0.0	0s	0	0s	0.0	0s	0	0s	0.0	
323	127647	438	2610123	1992	75	258396.0	81	326304.0	78	335311.0	44	400194.0	53	368481.0	1.7976931348623157E308	0.0	347.587400ms	1100	347.587400ms	1.4072614691834124E-8	347.587400ms	1100	347.587400ms	1.4072614691834124E-8	115.260700ms	100	115.260700ms	0.0	78.244300ms	792	78.244300ms	1.566564099176444E-6	78.244300ms	792	78.244300ms	1.566564099176444E-6	
324	128004	357	2611323	1200	75	258396.0	81	326304.0	78	335311.0	44	400194.0	38	368451.0	1.7976931348623157E308	0.0	346.689300ms	1100	346.689300ms	0.0	346.689300ms	1100	346.689300ms	0.0	90.878600ms	100	90.878600ms	4.1023848405323803E-4	0s	0	0s	0.0	0s	0	0s	0.0	
325	128380	375	2612590	1267	75	258233.0	81	326304.0	78	335311.0	44	400194.0	38	368451.0	1.7976931348623157E308	0.0	349.496800ms	1100	349.496800ms	1.8654444368579075E-7	349.496800ms	1100	349.496800ms	1.8654444368579075E-7	82.926500ms	100	82.926500ms	0.0	16.753100ms	67	16.753100ms	6.353778869549688E-6	16.753100ms	67	16.753100ms	6.353778869549688E-6	
326	128741	361	2613790	1200	75	258233.0	81	326304.0	53	332838.0	44	400194.0	95	368228.0	1.7976931348623157E308	0.0	351.612300ms	1100	351.612300ms	0.0	351.612300ms	1100	351.612300ms	0.0	83.557600ms	100	83.557600ms	9.672954643523002E-4	0s	0	0s	0.0	0s	0	0s	0.0	
327	129195	454	2615951	2161	75	258212.0	81	326304.0	53	332838.0	44	400194.0	95	368228.0	1.7976931348623157E308	0.0	351.486600ms	1100	351.486600ms	0.0	351.486600ms	1100	351.486600ms	0.0	88.474600ms	100	88.474600ms	0.0	92.529300ms	961	92.529300ms	8.462217165450016E-8	92.529300ms	961	92.529300ms	8.462217165450016E-8	
328	129734	538	2619152	3201	75	258212.0	81	326304.0	53	332838.0	44	400194.0	95	368228.0	1.7976931348623157E308	0.0	347.799500ms	1100	347.799500ms	0.0	347.799500ms	1100	347.799500ms	0.0	103.54ms	100	103.54ms	0.0	179.090500ms	2001	179.090500ms	0.0	179.090500ms	2001	179.090500ms	0.0	
329	131874	2139	2622353	3201	75	258212.0	81	326304.0	53	332838.0	44	400194.0	95	368228.0	1.7976931348623157E308	0.0	1.301267900s	1100	1.301267900s	0.0	1.301267900s	1100	1.301267900s	0.0	409.074400ms	100	409.074400ms	2.3527188548211786E-4	792.865300ms	2001	792.865300ms	0.0	792.865300ms	2001	792.865300ms	0.0	
330	132339	465	2623948	1595	75	257907.0	81	326304.0	53	332838.0	44	400194.0	95	368228.0	1.7976931348623157E308	0.0	374.878300ms	1100	374.878300ms	0.0	374.878300ms	1100	374.878300ms	0.0	422.514700ms	100	422.514700ms	2.422633030333976E-4	44.187800ms	395	44.187800ms	2.990379605650191E-6	44.187800ms	395	44.187800ms	2.990379605650191E-6	
331	132770	431	2625188	1240	75	257884.0	81	326304.0	53	332838.0	44	400194.0	95	368228.0	1.7976931348623157E308	0.0	372.496100ms	1100	372.496100ms	0.0	372.496100ms	1100	372.496100ms	0.0	434.085ms	100	434.085ms	0.0	13.301600ms	41	13.301600ms	2.1751081194225535E-6	13.301600ms	41	13.301600ms	2.1751081194225535E-6	
332	133367	596	2627229	2041	75	257870.0	81	326304.0	53	332838.0	44	400194.0	97	367612.0	1.7976931348623157E308	0.0	450.966400ms	1100	450.966400ms	0.0	450.966400ms	1100	450.966400ms	0.0	436.921900ms	100	436.921900ms	7.549015026105421E-4	100.387400ms	841	100.387400ms	6.45516937432485E-8	100.387400ms	841	100.387400ms	6.45516937432485E-8	
333	134083	716	2629278	2049	75	257852.0	81	326304.0	53	332838.0	44	400194.0	97	367612.0	1.7976931348623157E308	0.0	425.736500ms	1100	425.736500ms	0.0	425.736500ms	1100	425.736500ms	0.0	506.626600ms	100	506.626600ms	0.0	235.178ms	849	235.178ms	8.221744843361362E-8	235.178ms	849	235.178ms	8.221744843361362E-8	
334	134718	635	2632479	3201	75	257852.0	81	326304.0	53	332838.0	44	400194.0	97	367612.0	1.7976931348623157E308	0.0	374.479100ms	1100	374.479100ms	0.0	374.479100ms	1100	374.479100ms	0.0	415.48ms	100	415.48ms	1.441241395525017E-4	214.214200ms	2001	214.214200ms	0.0	214.214200ms	2001	214.214200ms	0.0	
335	135473	754	2635680	3201	75	257852.0	81	326304.0	53	332838.0	44	400194.0	97	367612.0	1.7976931348623157E308	0.0	378.248700ms	1100	378.248700ms	0.0	378.248700ms	1100	378.248700ms	0.0	405.84ms	100	405.84ms	0.0	332.998500ms	2001	332.998500ms	0.0	332.998500ms	2001	332.998500ms	0.0	
336	136291	818	2638781	3101	75	257844.0	81	326304.0	53	332838.0	44	400194.0	97	367612.0	1.7976931348623157E308	0.0	586.867100ms	1100	586.867100ms	0.0	586.867100ms	1100	586.867100ms	0.0	452.555ms	100	452.555ms	0.0	184.040700ms	1901	184.040700ms	1.6320646785924484E-8	184.040700ms	1901	184.040700ms	1.6320646785924484E-8	
337	136790	498	2640567	1786	75	257829.0	81	326304.0	53	332838.0	44	400194.0	97	367612.0	1.7976931348623157E308	0.0	382.183ms	1100	382.183ms	0.0	382.183ms	1100	382.183ms	0.0	427.335300ms	100	427.335300ms	0.0	70.343400ms	586	70.343400ms	9.927424964147508E-8	70.343400ms	586	70.343400ms	9.927424964147508E-8	
338	137339	549	2642026	1459	75	257823.0	81	326304.0	53	332838.0	44	400194.0	35	367244.0	1.7976931348623157E308	0.0	450.163800ms	1100	450.163800ms	0.0	450.163800ms	1100	450.163800ms	0.0	449.233600ms	100	449.233600ms	7.426978102492144E-4	52.729800ms	259	52.729800ms	8.98503394342011E-8	52.729800ms	259	52.729800ms	8.98503394342011E-8	
339	137814	474	2643249	1223	75	257810.0	81	326304.0	53	332838.0	44	400194.0	26	366912.0	1.7976931348623157E308	0.0	420.692200ms	1100	420.692200ms	0.0	420.692200ms	1100	420.692200ms	0.0	385.935ms	100	385.935ms	6.769909801254825E-4	11.961300ms	23	11.961300ms	2.1922690811292536E-6	11.961300ms	23	11.961300ms	2.1922690811292536E-6	
340	138251	437	2644682	1433	75	257803.0	81	326304.0	53	332838.0	44	400194.0	26	366912.0	1.7976931348623157E308	0.0	362.846500ms	1100	362.846500ms	0.0	362.846500ms	1100	362.846500ms	0.0	417.028600ms	100	417.028600ms	1.2973571587515998E-4	29.888100ms	233	29.888100ms	1.165312379462703E-7	29.888100ms	233	29.888100ms	1.165312379462703E-7	
341	138720	468	2646154	1472	75	257801.0	81	326304.0	53	332838.0	44	400194.0	26	366912.0	1.7976931348623157E308	0.0	391.177400ms	1100	391.177400ms	0.0	391.177400ms	1100	391.177400ms	0.0	418.162200ms	100	418.162200ms	0.0	34.396600ms	272	34.396600ms	2.852155008453052E-8	34.396600ms	272	34.396600ms	2.852155008453052E-8	
342	139170	450	2647611	1457	75	257752.0	81	326304.0	53	332838.0	44	400194.0	13	366798.0	1.7976931348623157E308	0.0	372.074500ms	1100	372.074500ms	0.0	372.074500ms	1100	372.074500ms	0.0	442.830700ms	100	442.830700ms	7.4735988106159E-4	31.480900ms	257	31.480900ms	7.395684213764731E-7	31.480900ms	257	31.480900ms	7.395684213764731E-7	
343	139782	612	2650812	3201	75	257752.0	81	326304.0	53	332838.0	44	400194.0	13	366798.0	1.7976931348623157E308	0.0	384.588100ms	1100	384.588100ms	0.0	384.588100ms	1100	384.588100ms	0.0	401.064100ms	100	401.064100ms	0.0	184.4ms	2001	184.4ms	0.0	184.4ms	2001	184.4ms	0.0	
344	140358	576	2654013	3201	75	257752.0	81	326304.0	53	332838.0	44	400194.0	9	366076.0	1.7976931348623157E308	0.0	356.130100ms	1100	356.130100ms	0.0	356.130100ms	1100	356.130100ms	0.0	381.719100ms	100	381.719100ms	0.0012980960217766635	179.181200ms	2001	179.181200ms	0.0	179.181200ms	2001	179.181200ms	0.0	
345	141023	664	2657214	3201	75	256496.0	81	326304.0	53	332838.0	44	400194.0	9	366076.0	1.7976931348623157E308	0.0	355.956900ms	1100	355.956900ms	4.429910075647101E-6	355.956900ms	1100	355.956900ms	4.429910075647101E-6	380.080800ms	100	380.080800ms	0.0	267.985500ms	2001	267.985500ms	0.0	267.985500ms	2001	267.985500ms	0.0	
346	141462	439	2658414	1200	75	256496.0	81	326304.0	53	332838.0	44	400194.0	9	366076.0	1.7976931348623157E308	0.0	397.554800ms	1100	397.554800ms	0.0	397.554800ms	1100	397.554800ms	0.0	403.224700ms	100	403.224700ms	0.0	0s	0	0s	0.0	0s	0	0s	0.0	
347	142006	544	2659887	1473	75	256488.0	81	326304.0	53	332838.0	44	400194.0	9	366076.0	1.7976931348623157E308	0.0	465.416ms	1100	465.416ms	0.0	465.416ms	1100	465.416ms	0.0	404.380100ms	100	404.380100ms	0.0	34.673300ms	273	34.673300ms	1.1424750991852353E-7	34.673300ms	273	34.673300ms	1.1424750991852353E-7	
348	142490	483	2662122	2235	75	256339.0	81	326304.0	53	332838.0	44	400194.0	9	366076.0	1.7976931348623157E308	0.0	346.01ms	1100	346.01ms	0.0	346.01ms	1100	346.01ms	0.0	366.146300ms	100	366.146300ms	0.0	97.991400ms	1035	97.991400ms	5.612790955405019E-7	97.991400ms	1035	97.991400ms	5.612790955405019E-7	
349	142886	395	2663328	1206	75	256329.0	81	326304.0	53	332838.0	44	400194.0	9	366076.0	1.7976931348623157E308	0.0	343.521300ms	1100	343.521300ms	0.0	343.521300ms	1100	343.521300ms	0.0	390.893800ms	100	390.893800ms	0.0	10.912400ms	6	10.912400ms	6.501806852132752E-6	10.912400ms	6	10.912400ms	6.501806852132752E-6	
350	143512	626	2666529	3201	75	256329.0	81	326304.0	53	332838.0	44	400194.0	9	366076.0	1.7976931348623157E308	0.0	365.003500ms	1100	365.003500ms	0.0	365.003500ms	1100	365.003500ms	0.0	378.752100ms	100	378.752100ms	7.47085910873213E-5	220.053400ms	2001	220.053400ms	0.0	220.053400ms	2001	220.053400ms	0.0	
351	144023	511	2668960	2431	75	256264.0	81	326304.0	53	332838.0	44	400194.0	6	365334.0	1.7976931348623157E308	0.0	357.529900ms	1100	357.529900ms	0.0	357.529900ms	1100	357.529900ms	0.0	390.166700ms	100	390.166700ms	0.0010745304612297369	112.395100ms	1231	112.395100ms	2.059954180470992E-7	112.395100ms	1231	112.395100ms	2.059954180470992E-7	
352	144618	595	2672161	3201	75	256264.0	81	326304.0	53	332838.0	44	400194.0	6	365334.0	1.7976931348623157E308	0.0	364.335800ms	1100	364.335800ms	0.0	364.335800ms	1100	364.335800ms	0.0	375.702200ms	100	375.702200ms	8.693383369324458E-5	190.455200ms	2001	190.455200ms	0.0	190.455200ms	2001	190.455200ms	0.0	
353	145246	627	2675362	3201	75	256264.0	81	326304.0	53	332838.0	44	400194.0	6	365334.0	1.7976931348623157E308	0.0	390.483700ms	1100	390.483700ms	0.0	390.483700ms	1100	390.483700ms	0.0	386.395200ms	100	386.395200ms	0.0	197.088300ms	2001	197.088300ms	0.0	197.088300ms	2001	197.088300ms	0.0	
354	145828	581	2678563	3201	75	256264.0	81	326304.0	53	332838.0	44	400194.0	58	365312.0	1.7976931348623157E308	0.0	352.276800ms	1100	352.276800ms	0.0	352.276800ms	1100	352.276800ms	0.0	380.998200ms	100	380.998200ms	8.255311021033152E-4	187.491200ms	2001	187.491200ms	0.0	187.491200ms	2001	187.491200ms	0.0	
355	146428	600	2680745	2182	75	256105.0	81	326304.0	53	332838.0	44	400194.0	58	365312.0	1.7976931348623157E308	0.0	467.737ms	1100	467.737ms	4.6831644141946555E-7	467.737ms	1100	467.737ms	4.6831644141946555E-7	368.223400ms	100	368.223400ms	0.0	93.089500ms	982	93.089500ms	1.0729134154744112E-7	93.089500ms	982	93.089500ms	1.0729134154744112E-7	
356	146874	445	2681945	1200	75	256105.0	33	324443.0	81	326304.0	44	400194.0	42	363956.0	1.7976931348623157E308	0.0	398.824200ms	1100	398.824200ms	0.0	398.824200ms	1100	398.824200ms	0.0	390.446500ms	100	390.446500ms	0.0012911495018038132	0s	0	0s	0.0	0s	0	0s	0.0	
357	147424	550	2684210	2265	75	256104.0	33	324443.0	81	326304.0	44	400194.0	42	363956.0	1.7976931348623157E308	0.0	391.183400ms	1100	391.183400ms	0.0	391.183400ms	1100	391.183400ms	0.0	380.261100ms	100	380.261100ms	0.0	118.571200ms	1066	118.571200ms	3.6628972645288453E-9	118.571200ms	1066	118.571200ms	3.6628972645288453E-9	
358	147962	537	2685706	1496	75	254096.0	33	324443.0	81	326304.0	44	400194.0	42	363956.0	1.7976931348623157E308	0.0	459.618500ms	1100	459.618500ms	6.295859939144742E-6	459.618500ms	1100	459.618500ms	6.295859939144742E-6	405.103600ms	100	405.103600ms	9.99657825751299E-5	35.566400ms	296	35.566400ms	3.11317783907058E-6	35.566400ms	296	35.566400ms	3.11317783907058E-6	
359	148402	440	2686906	1200	75	254096.0	33	324443.0	81	326304.0	44	400194.0	42	363956.0	1.7976931348623157E308	0.0	395.206700ms	1100	395.206700ms	0.0	395.206700ms	1100	395.206700ms	0.0	418.920800ms	100	418.920800ms	1.9224495764761485E-4	0s	0	0s	0.0	0s	0	0s	0.0	
360	148853	450	2688125	1219	75	254077.0	33	324443.0	81	326304.0	44	400194.0	42	363956.0	1.7976931348623157E308	0.0	396.158200ms	1100	396.158200ms	0.0	396.158200ms	1100	396.158200ms	0.0	391.132300ms	100	391.132300ms	9.388385934565369E-5	12.353600ms	19	12.353600ms	3.935520433224526E-6	12.353600ms	19	12.353600ms	3.935520433224526E-6	
361	149315	462	2689831	1706	75	253714.0	33	324443.0	81	326304.0	44	400194.0	42	363956.0	1.7976931348623157E308	0.0	362.498700ms	1100	362.498700ms	1.1237129192630635E-6	362.498700ms	1100	362.498700ms	1.1237129192630635E-6	383.792400ms	100	383.792400ms	0.0	58.521800ms	506	58.521800ms	3.811362093539634E-7	58.521800ms	506	58.521800ms	3.811362093539634E-7	
362	149743	427	2691031	1200	75	253714.0	33	324443.0	81	326304.0	44	400194.0	42	363956.0	1.7976931348623157E308	0.0	387.149900ms	1100	387.149900ms	0.0	387.149900ms	1100	387.149900ms	0.0	386.304700ms	100	386.304700ms	0.0	0s	0	0s	0.0	0s	0	0s	0.0	
363	150189	446	2692511	1480	75	253566.0	33	324443.0	81	326304.0	44	400194.0	42	363956.0	1.7976931348623157E308	0.0	352.887200ms	1100	352.887200ms	0.0	352.887200ms	1100	352.887200ms	0.0	392.271ms	100	392.271ms	0.0	48.473ms	280	48.473ms	2.0833356794322125E-6	48.473ms	280	48.473ms	2.0833356794322125E-6	
364	150678	488	2694651	2140	75	253523.0	33	324443.0	81	326304.0	44	400194.0	86	363313.0	1.7976931348623157E308	0.0	357.760800ms	1100	357.760800ms	0.0	357.760800ms	1100	357.760800ms	0.0	370.368600ms	100	370.368600ms	8.687392831005225E-4	89.615900ms	941	89.615900ms	1.8021370378025584E-7	89.615900ms	941	89.615900ms	1.8021370378025584E-7	
365	151155	477	2696308	1657	75	253356.0	33	324443.0	81	326304.0	44	400194.0	86	363313.0	1.7976931348623157E308	0.0	375.645400ms	1100	375.645400ms	0.0	375.645400ms	1100	375.645400ms	0.0	394.704200ms	100	394.704200ms	0.0	60.113800ms	457	60.113800ms	1.4413946499625105E-6	60.113800ms	457	60.113800ms	1.4413946499625105E-6	
366	151739	583	2699509	3201	75	253356.0	33	324443.0	81	326304.0	44	400194.0	24	362821.0	1.7976931348623157E308	0.0	353.657300ms	1100	353.657300ms	0.0	353.657300ms	1100	353.657300ms	0.0	382.049600ms	100	382.049600ms	8.278868838870112E-4	189.282ms	2001	189.282ms	0.0	189.282ms	2001	189.282ms	0.0	
367	152202	463	2701053	1544	75	253325.0	33	324443.0	81	326304.0	44	400194.0	24	362821.0	1.7976931348623157E308	0.0	379.263400ms	1100	379.263400ms	0.0	379.263400ms	1100	379.263400ms	0.0	395.520200ms	100	395.520200ms	1.9890545722211383E-4	40.261700ms	344	40.261700ms	3.556903292985796E-7	40.261700ms	344	40.261700ms	3.556903292985796E-7	
368	152629	426	2702417	1364	75	253316.0	33	324443.0	81	326304.0	44	400194.0	24	362821.0	1.7976931348623157E308	0.0	357.973300ms	1100	357.973300ms	0.0	357.973300ms	1100	357.973300ms	0.0	393.892900ms	100	393.892900ms	0.0	24.641ms	164	24.641ms	2.1663100278461364E-7	24.641ms	164	24.641ms	2.1663100278461364E-7	
369	153081	451	2703632	1215	75	253231.0	33	324443.0	81	326304.0	44	400194.0	24	362821.0	1.7976931348623157E308	0.0	397.887300ms	1100	397.887300ms	0.0	397.887300ms	1100	397.887300ms	0.0	398.362800ms	100	398.362800ms	0.0	11.526500ms	15	11.526500ms	2.236995162826864E-5	11.526500ms	15	11.526500ms	2.236995162826864E-5	
370	153536	455	2704888	1256	75	252998.0	33	324443.0	81	326304.0	44	400194.0	24	362821.0	1.7976931348623157E308	0.0	397.283300ms	1100	397.283300ms	0.0	397.283300ms	1100	397.283300ms	0.0	415.746600ms	100	415.746600ms	0.0	14.537600ms	56	14.537600ms	1.6430509241420676E-5	14.537600ms	56	14.537600ms	1.6430509241420676E-5	
371	154034	498	2706383	1495	75	252851.0	33	324443.0	81	326304.0	44	400194.0	24	362821.0	1.7976931348623157E308	0.0	415.910700ms	1100	415.910700ms	0.0	415.910700ms	1100	415.910700ms	0.0	430.952800ms	100	430.952800ms	0.0	36.019600ms	295	36.019600ms	1.9696008851681465E-6	36.019600ms	295	36.019600ms	1.9696008851681465E-6	
372	154490	455	2707829	1446	75	252605.0	33	324443.0	81	326304.0	44	400194.0	24	362821.0	1.7976931348623157E308	0.0	382.428500ms	1100	382.428500ms	0.0	382.428500ms	1100	382.428500ms	0.0	398.224400ms	100	398.224400ms	0.0	30.605300ms	246	30.605300ms	3.954898339338109E-6	30.605300ms	246	30.605300ms	3.954898339338109E-6	
373	154903	412	2709139	1310	75	252603.0	33	324443.0	81	326304.0	44	400194.0	24	362821.0	1.7976931348623157E308	0.0	352.590700ms	1100	352.590700ms	0.0	352.590700ms	1100	352.590700ms	0.0	368.203700ms	100	368.203700ms	2.0471667676060233E-4	19.948500ms	112	19.948500ms	7.069196119254193E-8	19.948500ms	112	19.948500ms	7.069196119254193E-8	
374	155508	604	2712340	3201	75	252603.0	33	324443.0	81	326304.0	44	400194.0	24	362821.0	1.7976931348623157E308	0.0	376.208900ms	1100	376.208900ms	0.0	376.208900ms	1100	376.208900ms	0.0	389.466700ms	100	389.466700ms	1.1942891833615965E-4	187.672300ms	2001	187.672300ms	0.0	187.672300ms	2001	187.672300ms	0.0	
375	156120	612	2715137	2797	75	252548.0	33	324443.0	81	326304.0	44	400194.0	24	362821.0	1.7976931348623157E308	0.0	401.685100ms	1100	401.685100ms	0.0	401.685100ms	1100	401.685100ms	0.0	389.426100ms	100	389.426100ms	0.0	167.971ms	1598	167.971ms	1.362534195086882E-7	167.971ms	1598	167.971ms	1.362534195086882E-7	
376	156577	456	2716653	1516	75	252402.0	33	324443.0	81	326304.0	44	400194.0	24	362821.0	1.7976931348623157E308	0.0	378.812300ms	1100	378.812300ms	0.0	378.812300ms	1100	378.812300ms	0.0	383.042800ms	100	383.042800ms	2.864876126500304E-4	37.204200ms	316	37.204200ms	1.829455455817181E-6	37.204200ms	316	37.204200ms	1.829455455817181E-6	
377	157023	445	2718065	1412	75	252350.0	33	324443.0	81	326304.0	44	400194.0	24	362821.0	1.7976931348623157E308	0.0	372.424700ms	1100	372.424700ms	0.0	372.424700ms	1100	372.424700ms	0.0	438.734100ms	100	438.734100ms	2.1641999077733564E-4	27.939700ms	212	27.939700ms	9.717950684539758E-7	27.939700ms	212	27.939700ms	9.717950684539758E-7	
378	157485	462	2719821	1756	75	252323.0	33	324443.0	81	326304.0	44	400194.0	24	362821.0	1.7976931348623157E308	0.0	365.627400ms	1100	365.627400ms	0.0	365.627400ms	1100	365.627400ms	0.0	379.698500ms	100	379.698500ms	3.6089070205956865E-5	56.372800ms	557	56.372800ms	1.9209022264323622E-7	56.372800ms	557	56.372800ms	1.9209022264323622E-7	
379	157910	424	2721041	1220	75	252237.0	33	324443.0	81	326304.0	44	400194.0	83	362790.0	1.7976931348623157E308	0.0	369.534ms	1100	369.534ms	0.0	369.534ms	1100	369.534ms	0.0	404.806500ms	100	404.806500ms	0.0011526392638065053	11.961500ms	20	11.961500ms	1.704164899751781E-5	11.961500ms	20	11.961500ms	1.704164899751781E-5	
380	158389	479	2722313	1272	75	252202.0	33	324443.0	81	326304.0	44	400194.0	54	362544.0	1.7976931348623157E308	0.0	424.370200ms	1100	424.370200ms	0.0	424.370200ms	1100	424.370200ms	0.0	356.423300ms	100	356.423300ms	8.607260870636457E-5	16.292ms	72	16.292ms	1.927199860096398E-6	16.292ms	72	16.292ms	1.927199860096398E-6	
381	158823	433	2723818	1505	75	252165.0	80	308521.0	33	324443.0	44	400194.0	54	362544.0	1.7976931348623157E308	0.0	357.290700ms	1100	357.290700ms	0.0	357.290700ms	1100	357.290700ms	0.0	376.493100ms	100	376.493100ms	0.0012126062746550081	35.530700ms	305	35.530700ms	4.810091728450784E-7	35.530700ms	305	35.530700ms	4.810091728450784E-7	
382	159305	482	2725755	1937	75	252163.0	80	308521.0	33	324443.0	44	400194.0	54	362544.0	1.7976931348623157E308	0.0	357.495500ms	1100	357.495500ms	0.0	357.495500ms	1100	357.495500ms	0.0	383.187800ms	100	383.187800ms	1.1546396149068938E-4	84.216400ms	737	84.216400ms	1.076162118547041E-8	84.216400ms	737	84.216400ms	1.076162118547041E-8	
383	159933	627	2728956	3201	75	252099.0	80	308521.0	33	324443.0	44	400194.0	54	362544.0	1.7976931348623157E308	0.0	379.32ms	1100	379.32ms	2.30730988217182E-7	379.32ms	1100	379.32ms	2.30730988217182E-7	388.055100ms	100	388.055100ms	8.836026248104056E-4	207.152ms	2001	207.152ms	0.0	207.152ms	2001	207.152ms	0.0	
384	160360	427	2730156	1200	75	252083.0	80	308521.0	33	324443.0	44	400194.0	54	362544.0	1.7976931348623157E308	0.0	378.949500ms	1100	378.949500ms	5.769739088794119E-8	378.949500ms	1100	378.949500ms	5.769739088794119E-8	431.987200ms	100	431.987200ms	0.0	0s	0	0s	0.0	0s	0	0s	0.0	
385	160778	417	2731355	1199	75	252083.0	80	308521.0	33	324443.0	44	400194.0	87	362412.0	1.7976931348623157E308	0.0	367.770400ms	1100	367.770400ms	0.0	367.770400ms	1100	367.770400ms	0.0	428.336ms	100	428.336ms	0.0014139111338473743	0s	0	0s	0.0	0s	0	0s	0.0	
386	161413	634	2734556	3201	75	252083.0	80	308521.0	33	324443.0	44	400194.0	87	362412.0	1.7976931348623157E308	0.0	383.826200ms	1100	383.826200ms	0.0	383.826200ms	1100	383.826200ms	0.0	406.146200ms	100	406.146200ms	1.4009307162058283E-4	208.336500ms	2001	208.336500ms	0.0	208.336500ms	2001	208.336500ms	0.0	
387	162015	602	2737757	3201	75	251540.0	80	308521.0	33	324443.0	44	400194.0	87	362412.0	1.7976931348623157E308	0.0	363.688400ms	1100	363.688400ms	1.958229486464261E-6	363.688400ms	1100	363.688400ms	1.958229486464261E-6	391.917400ms	100	391.917400ms	9.82336706242537E-5	198.076100ms	2001	198.076100ms	0.0	198.076100ms	2001	198.076100ms	0.0	
388	162427	411	2738957	1200	75	251540.0	80	308521.0	33	324443.0	44	400194.0	87	362412.0	1.7976931348623157E308	0.0	371.226500ms	1100	371.226500ms	0.0	371.226500ms	1100	371.226500ms	0.0	368.561300ms	100	368.561300ms	0.0	0s	0	0s	0.0	0s	0	0s	0.0	
389	162896	469	2740469	1512	75	251511.0	80	308521.0	33	324443.0	44	400194.0	87	362412.0	1.7976931348623157E308	0.0	374.546100ms	1100	374.546100ms	0.0	374.546100ms	1100	374.546100ms	0.0	448.327400ms	100	448.327400ms	0.0	47.662900ms	312	47.662900ms	3.695186369909674E-7	47.662900ms	312	47.662900ms	3.695186369909674E-7	
390	163392	495	2741838	1369	75	251455.0	80	308521.0	33	324443.0	44	400194.0	28	361929.0	1.7976931348623157E308	0.0	419.187900ms	1100	419.187900ms	0.0	419.187900ms	1100	419.187900ms	0.0	401.833900ms	100	401.833900ms	0.0013660779613787677	34.701400ms	169	34.701400ms	1.3174809322279888E-6	34.701400ms	169	34.701400ms	1.3174809322279888E-6	
391	163968	576	2743053	1215	75	251452.0	80	308521.0	33	324443.0	44	400194.0	28	361929.0	1.7976931348623157E308	0.0	518.713300ms	1100	518.713300ms	0.0	518.713300ms	1100	518.713300ms	0.0	383.435700ms	100	383.435700ms	0.0	16.222800ms	15	16.222800ms	7.953709411238445E-7	16.222800ms	15	16.222800ms	7.953709411238445E-7	
392	164441	472	2744460	1407	75	251368.0	80	308521.0	33	324443.0	44	400194.0	28	361929.0	1.7976931348623157E308	0.0	403.989ms	1100	403.989ms	0.0	403.989ms	1100	403.989ms	0.0	375.543300ms	100	375.543300ms	0.0	28.636500ms	207	28.636500ms	1.6138153661504832E-6	28.636500ms	207	28.636500ms	1.6138153661504832E-6	
393	164941	499	2746133	1673	75	251224.0	80	308521.0	33	324443.0	44	400194.0	28	361929.0	1.7976931348623157E308	0.0	396.650100ms	1100	396.650100ms	0.0	396.650100ms	1100	396.650100ms	0.0	398.672400ms	100	398.672400ms	0.0	61.157ms	473	61.157ms	1.211131672687927E-6	61.157ms	473	61.157ms	1.211131672687927E-6	
394	165469	528	2747341	1208	75	251126.0	80	308521.0	33	324443.0	44	400194.0	60	360487.0	1.7976931348623157E308	0.0	477.276500ms	1100	477.276500ms	0.0	477.276500ms	1100	477.276500ms	0.0	382.764600ms	100	382.764600ms	8.085660197026934E-4	10.462300ms	8	10.462300ms	4.876126484730514E-5	10.462300ms	8	10.462300ms	4.876126484730514E-5	
395	165912	443	2748656	1315	75	251030.0	80	308521.0	33	324443.0	44	400194.0	60	360487.0	1.7976931348623157E308	0.0	378.372400ms	1100	378.372400ms	0.0	378.372400ms	1100	378.372400ms	0.0	422.310800ms	100	422.310800ms	0.0	20.239500ms	115	20.239500ms	3.324158425234968E-6	20.239500ms	115	20.239500ms	3.324158425234968E-6	
396	166379	466	2749936	1280	75	250839.0	80	308521.0	33	324443.0	0	393321.0	60	360487.0	1.7976931348623157E308	0.0	404.453600ms	1100	404.453600ms	5.034849124769208E-7	404.453600ms	1100	404.453600ms	5.034849124769208E-7	405.309700ms	100	405.309700ms	8.677291513615892E-4	17.591700ms	81	17.591700ms	2.5573648912157474E-6	17.591700ms	81	17.591700ms	2.5573648912157474E-6	
397	166846	466	2751136	1200	75	250765.0	80	308521.0	33	324443.0	0	393321.0	60	360487.0	1.7976931348623157E308	0.0	419.757300ms	1100	419.757300ms	2.681908605628447E-7	419.757300ms	1100	419.757300ms	2.681908605628447E-7	427.729900ms	100	427.729900ms	0.0	0s	0	0s	0.0	0s	0	0s	0.0	
398	167345	499	2752336	1200	75	250571.0	80	308521.0	33	324443.0	0	393321.0	57	360262.0	1.7976931348623157E308	0.0	453.692500ms	1100	453.692500ms	7.033024399881839E-7	453.692500ms	1100	453.692500ms	7.033024399881839E-7	427.603400ms	100	427.603400ms	9.491472973440396E-4	0s	0	0s	0.0	0s	0	0s	0.0	
399	167902	557	2753536	1200	75	250571.0	80	308521.0	33	324443.0	0	393321.0	57	360262.0	1.7976931348623157E308	0.0	496.010600ms	1100	496.010600ms	0.0	496.010600ms	1100	496.010600ms	0.0	526.175200ms	100	526.175200ms	0.0	0s	0	0s	0.0	0s	0	0s	0.0	
400	168416	513	2754739	1203	75	250521.0	80	308521.0	33	324443.0	0	393321.0	57	360262.0	1.7976931348623157E308	0.0	457.729700ms	1100	457.729700ms	0.0	457.729700ms	1100	457.729700ms	0.0	408.576300ms	100	408.576300ms	1.3660766491256027E-4	12.130900ms	3	12.130900ms	6.651474698456579E-5	12.130900ms	3	12.130900ms	6.651474698456579E-5	
401	168946	529	2756101	1362	75	250501.0	80	308521.0	33	324443.0	0	393321.0	57	360262.0	1.7976931348623157E308	0.0	434.016700ms	1100	434.016700ms	0.0	434.016700ms	1100	434.016700ms	0.0	409.888100ms	100	409.888100ms	1.758191210185478E-4	51.060600ms	162	51.060600ms	4.928001649501588E-7	51.060600ms	162	51.060600ms	4.928001649501588E-7	
402	169435	489	2757748	1647	75	250399.0	80	308521.0	33	324443.0	0	393321.0	57	360262.0	1.7976931348623157E308	0.0	396.824800ms	1100	396.824800ms	0.0	396.824800ms	1100	396.824800ms	0.0	408.177400ms	100	408.177400ms	0.0	50.147300ms	448	50.147300ms	9.088928644139615E-7	50.147300ms	448	50.147300ms	9.088928644139615E-7	
403	170118	682	2760949	3201	75	250399.0	80	308521.0	33	324443.0	0	393321.0	57	360262.0	1.7976931348623157E308	0.0	419.926800ms	1100	419.926800ms	0.0	419.926800ms	1100	419.926800ms	0.0	409.336600ms	100	409.336600ms	0.0	218.467700ms	2001	218.467700ms	0.0	218.467700ms	2001	218.467700ms	0.0	
404	170760	642	2763873	2924	75	250376.0	80	308521.0	33	324443.0	0	393321.0	57	360262.0	1.7976931348623157E308	0.0	425.522300ms	1100	425.522300ms	0.0	425.522300ms	1100	425.522300ms	0.0	464.065800ms	100	464.065800ms	0.0	166.004600ms	1724	166.004600ms	5.3279235481721304E-8	166.004600ms	1724	166.004600ms	5.3279235481721304E-8	
405	171401	640	2767074	3201	75	250376.0	80	308521.0	33	324443.0	0	393321.0	57	360262.0	1.7976931348623157E308	0.0	382.808700ms	1100	382.808700ms	0.0	382.808700ms	1100	382.808700ms	0.0	403.513700ms	100	403.513700ms	0.0	213.960900ms	2001	213.960900ms	0.0	213.960900ms	2001	213.960900ms	0.0	
406	171910	509	2768474	1400	75	250007.0	80	308521.0	33	324443.0	0	393321.0	57	360262.0	1.7976931348623157E308	0.0	405.722800ms	1100	405.722800ms	0.0	405.722800ms	1100	405.722800ms	0.0	430.364400ms	100	430.364400ms	0.0	57.902300ms	200	57.902300ms	7.368917148608545E-6	57.902300ms	200	57.902300ms	7.368917148608545E-6	
407	172459	548	2769704	1230	75	249717.0	80	308521.0	33	324443.0	0	393321.0	57	360262.0	1.7976931348623157E308	0.0	480.122900ms	1100	480.122900ms	9.746039307812937E-7	480.122900ms	1100	480.122900ms	9.746039307812937E-7	520.768400ms	100	520.768400ms	4.478426221172338E-5	14.318600ms	30	14.318600ms	2.9332512023009607E-6	14.318600ms	30	14.318600ms	2.9332512023009607E-6	
408	172892	432	2770904	1200	75	249673.0	80	308521.0	33	324443.0	0	393321.0	57	360262.0	1.7976931348623157E308	0.0	388.280500ms	1100	388.280500ms	1.601813252602194E-7	388.280500ms	1100	388.280500ms	1.601813252602194E-7	425.540300ms	100	425.540300ms	1.3240329132714558E-4	0s	0	0s	0.0	0s	0	0s	0.0	
409	173710	817	2772104	1200	75	249673.0	80	308521.0	33	324443.0	0	393321.0	57	360262.0	1.7976931348623157E308	0.0	766.216300ms	1100	766.216300ms	0.0	766.216300ms	1100	766.216300ms	0.0	467.765ms	100	467.765ms	1.0468586764066922E-4	0s	0	0s	0.0	0s	0	0s	0.0	
410	174329	618	2773358	1254	75	249636.0	80	308521.0	33	324443.0	0	393321.0	57	360262.0	1.7976931348623157E308	0.0	545.471800ms	1100	545.471800ms	5.0980463558043936E-8	545.471800ms	1100	545.471800ms	5.0980463558043936E-8	513.444800ms	100	513.444800ms	0.0	18.541500ms	54	18.541500ms	1.70593506677092E-6	18.541500ms	54	18.541500ms	1.70593506677092E-6	
411	174862	533	2774558	1200	75	249636.0	80	308521.0	33	324443.0	0	393321.0	57	360262.0	1.7976931348623157E308	0.0	480.891ms	1100	480.891ms	0.0	480.891ms	1100	480.891ms	0.0	459.625500ms	100	459.625500ms	0.0	0s	0	0s	0.0	0s	0	0s	0.0	
412	175355	492	2775819	1261	75	249163.0	80	308521.0	33	324443.0	0	393321.0	57	360262.0	1.7976931348623157E308	0.0	435.980700ms	1100	435.980700ms	0.0	435.980700ms	1100	435.980700ms	0.0	404.801100ms	100	404.801100ms	1.6841387891444848E-4	14.736ms	61	14.736ms	3.1061619160120065E-5	14.736ms	61	14.736ms	3.1061619160120065E-5	
413	175850	494	2777040	1221	75	248548.0	80	308521.0	33	324443.0	0	393321.0	57	360262.0	1.7976931348623157E308	0.0	440.609200ms	1100	440.609200ms	4.825478526620569E-7	440.609200ms	1100	440.609200ms	4.825478526620569E-7	386.174600ms	100	386.174600ms	0.0	12.770400ms	21	12.770400ms	9.230905070175173E-5	12.770400ms	21	12.770400ms	9.230905070175173E-5	
414	176431	581	2778240	1200	75	248529.0	80	308521.0	33	324443.0	0	393321.0	57	360262.0	1.7976931348623157E308	0.0	535.668200ms	1100	535.668200ms	6.949453334055681E-8	535.668200ms	1100	535.668200ms	6.949453334055681E-8	444.556400ms	100	444.556400ms	0.0	0s	0	0s	0.0	0s	0	0s	0.0	
415	176901	469	2779440	1200	75	248529.0	80	308521.0	33	324443.0	0	393321.0	57	360262.0	1.7976931348623157E308	0.0	423.603700ms	1100	423.603700ms	0.0	423.603700ms	1100	423.603700ms	0.0	390.904700ms	100	390.904700ms	0.0	0s	0	0s	0.0	0s	0	0s	0.0	
416	177479	578	2780712	1272	75	248408.0	80	308521.0	33	324443.0	0	393321.0	57	360262.0	1.7976931348623157E308	0.0	518.014600ms	1100	518.014600ms	2.597622114764896E-7	518.014600ms	1100	518.014600ms	2.597622114764896E-7	406.989700ms	100	406.989700ms	0.0	16.211100ms	72	16.211100ms	2.794218962151287E-6	16.211100ms	72	16.211100ms	2.794218962151287E-6	
417	178000	520	2781912	1200	75	248312.0	80	308521.0	33	324443.0	0	393321.0	57	360262.0	1.7976931348623157E308	0.0	476.882200ms	1100	476.882200ms	3.5132816685747657E-7	476.882200ms	1100	476.882200ms	3.5132816685747657E-7	421.276500ms	100	421.276500ms	0.0	0s	0	0s	0.0	0s	0	0s	0.0	
418	178524	524	2783112	1200	75	248293.0	80	308521.0	33	324443.0	0	393321.0	36	359467.0	1.7976931348623157E308	0.0	478.603200ms	1100	478.603200ms	6.956058214153076E-8	478.603200ms	1100	478.603200ms	6.956058214153076E-8	417.294200ms	100	417.294200ms	2.949710931638638E-4	0s	0	0s	0.0	0s	0	0s	0.0	
419	178993	468	2784312	1200	75	248293.0	80	308521.0	33	324443.0	0	393321.0	36	359467.0	1.7976931348623157E308	0.0	421.436700ms	1100	421.436700ms	0.0	421.436700ms	1100	421.436700ms	0.0	443.301100ms	100	443.301100ms	0.0	0s	0	0s	0.0	0s	0	0s	0.0	
420	179517	524	2785590	1278	75	248042.0	80	308521.0	33	324443.0	0	393321.0	36	359467.0	1.7976931348623157E308	0.0	459.433800ms	1100	459.433800ms	4.762093152403542E-7	459.433800ms	1100	459.433800ms	4.762093152403542E-7	448.097600ms	100	448.097600ms	0.0	17.163ms	78	17.163ms	6.247788102290515E-6	17.163ms	78	17.163ms	6.247788102290515E-6	
421	180051	534	2786790	1200	75	248042.0	80	308521.0	33	324443.0	0	393321.0	36	359467.0	1.7976931348623157E308	0.0	490.777700ms	1100	490.777700ms	0.0	490.777700ms	1100	490.777700ms	0.0	409.473900ms	100	409.473900ms	0.0	0s	0	0s	0.0	0s	0	0s	0.0	
422	180546	495	2788150	1360	75	247914.0	80	308521.0	33	324443.0	0	393321.0	36	359467.0	1.7976931348623157E308	0.0	423.316600ms	1100	423.316600ms	1.906419721765428E-7	423.316600ms	1100	423.316600ms	1.906419721765428E-7	430.267300ms	100	430.267300ms	0.0	24.934900ms	160	24.934900ms	1.9149982664223854E-6	24.934900ms	160	24.934900ms	1.9149982664223854E-6	
423	181107	560	2789349	1199	75	247914.0	80	308521.0	33	324443.0	0	393321.0	36	359467.0	1.7976931348623157E308	0.0	517.416800ms	1100	517.416800ms	0.0	517.416800ms	1100	517.416800ms	0.0	420.651ms	100	420.651ms	0.0	0s	0	0s	0.0	0s	0	0s	0.0	
424	181858	751	2792549	3200	75	247914.0	80	308521.0	33	324443.0	0	393321.0	20	359028.0	1.7976931348623157E308	0.0	521.999500ms	1100	521.999500ms	0.0	521.999500ms	1100	521.999500ms	0.0	375.047400ms	100	375.047400ms	8.676106269197759E-4	188.878400ms	2001	188.878400ms	0.0	188.878400ms	2001	188.878400ms	0.0	
425	182329	470	2793896	1347	75	247908.0	80	308521.0	33	324443.0	0	393321.0	20	359028.0	1.7976931348623157E308	0.0	404.664500ms	1100	404.664500ms	0.0	404.664500ms	1100	404.664500ms	0.0	390.593300ms	100	390.593300ms	0.0	22.907300ms	147	22.907300ms	1.6463905439194717E-7	22.907300ms	147	22.907300ms	1.6463905439194717E-7	
426	182892	563	2795135	1239	75	247733.0	80	308521.0	33	324443.0	0	393321.0	20	359028.0	1.7976931348623157E308	0.0	474.027100ms	1100	474.027100ms	0.0	474.027100ms	1100	474.027100ms	0.0	479.949700ms	100	479.949700ms	6.862596000304145E-5	37.367900ms	39	37.367900ms	1.8100180257109335E-5	37.367900ms	39	37.367900ms	1.8100180257109335E-5	
427	183410	518	2796432	1297	75	247418.0	80	308521.0	33	324443.0	0	393321.0	20	359028.0	1.7976931348623157E308	0.0	441.210200ms	1100	441.210200ms	0.0	441.210200ms	1100	441.210200ms	0.0	452.088200ms	100	452.088200ms	0.0	26.974400ms	97	26.974400ms	1.3108559135893304E-5	26.974400ms	97	26.974400ms	1.3108559135893304E-5	
428	184097	686	2799632	3200	75	247417.0	80	308521.0	33	324443.0	0	393321.0	20	359028.0	1.7976931348623157E308	0.0	422.164600ms	1100	422.164600ms	3.6743119299656708E-9	422.164600ms	1100	422.164600ms	3.6743119299656708E-9	413.195800ms	100	413.195800ms	0.0	220.407600ms	2001	220.407600ms	0.0	220.407600ms	2001	220.407600ms	0.0	
429	184563	466	2800832	1200	75	247256.0	80	308521.0	33	324443.0	0	393321.0	49	358071.0	1.7976931348623157E308	0.0	413.647ms	1100	413.647ms	5.915666116864469E-7	413.647ms	1100	413.647ms	5.915666116864469E-7	453.726600ms	100	453.726600ms	5.904459108057847E-4	0s	0	0s	0.0	0s	0	0s	0.0	
430	185031	467	2802032	1200	75	247256.0	80	308521.0	33	324443.0	0	393321.0	49	358071.0	1.7976931348623157E308	0.0	424.774900ms	1100	424.774900ms	0.0	424.774900ms	1100	424.774900ms	0.0	406.989200ms	100	406.989200ms	2.749953662732563E-4	0s	0	0s	0.0	0s	0	0s	0.0	
431	185641	609	2805233	3201	75	247256.0	80	308521.0	33	324443.0	0	393321.0	49	358071.0	1.7976931348623157E308	0.0	367.915700ms	1100	367.915700ms	0.0	367.915700ms	1100	367.915700ms	0.0	459.351300ms	100	459.351300ms	0.0	193.348200ms	2001	193.348200ms	0.0	193.348200ms	2001	193.348200ms	0.0	
432	186256	615	2808434	3201	75	247256.0	80	308521.0	33	324443.0	0	393321.0	49	358071.0	1.7976931348623157E308	0.0	373.855ms	1100	373.855ms	0.0	373.855ms	1100	373.855ms	0.0	387.918100ms	100	387.918100ms	0.0	200.347200ms	2001	200.347200ms	0.0	200.347200ms	2001	200.347200ms	0.0	
433	186973	717	2811634	3200	75	247256.0	80	308521.0	33	324443.0	0	393321.0	49	358071.0	1.7976931348623157E308	0.0	431.399300ms	1100	431.399300ms	0.0	431.399300ms	1100	431.399300ms	0.0	388.368500ms	100	388.368500ms	0.0	245.645100ms	2001	245.645100ms	0.0	245.645100ms	2001	245.645100ms	0.0	
434	187683	709	2814835	3201	75	247256.0	80	308521.0	33	324443.0	0	393321.0	79	357849.0	1.7976931348623157E308	0.0	412.953600ms	1100	412.953600ms	0.0	412.953600ms	1100	412.953600ms	0.0	402.205ms	100	402.205ms	4.309743347538131E-4	253.281600ms	2001	253.281600ms	0.0	253.281600ms	2001	253.281600ms	0.0	
435	188237	554	2816370	1535	75	246628.0	80	308521.0	33	324443.0	0	393321.0	79	357849.0	1.7976931348623157E308	0.0	471.010700ms	1100	471.010700ms	1.3875317209257407E-6	471.010700ms	1100	471.010700ms	1.3875317209257407E-6	404.184800ms	100	404.184800ms	3.114509655160502E-4	40.238200ms	335	40.238200ms	3.030275226256431E-6	40.238200ms	335	40.238200ms	3.030275226256431E-6	
436	188764	527	2817570	1200	75	246628.0	80	308521.0	33	324443.0	0	393321.0	79	357849.0	1.7976931348623157E308	0.0	484.310100ms	1100	484.310100ms	0.0	484.310100ms	1100	484.310100ms	0.0	407.580400ms	100	407.580400ms	3.5369532631307043E-4	0s	0	0s	0.0	0s	0	0s	0.0	
437	189860	1095	2820770	3200	75	246628.0	80	308521.0	33	324443.0	0	393321.0	79	357849.0	1.7976931348623157E308	0.0	634.247ms	1100	634.247ms	0.0	634.247ms	1100	634.247ms	0.0	414.426700ms	100	414.426700ms	0.0	415.223100ms	2001	415.223100ms	0.0	415.223100ms	2001	415.223100ms	0.0	
438	190720	860	2823971	3201	75	246628.0	80	308521.0	33	324443.0	0	393321.0	79	357849.0	1.7976931348623157E308	0.0	475.351300ms	1100	475.351300ms	0.0	475.351300ms	1100	475.351300ms	0.0	473.663100ms	100	473.663100ms	0.0	331.885900ms	2001	331.885900ms	0.0	331.885900ms	2001	331.885900ms	0.0	
439	191250	530	2825321	1350	75	246550.0	80	308521.0	33	324443.0	0	393321.0	79	357849.0	1.7976931348623157E308	0.0	464.485300ms	1100	464.485300ms	0.0	464.485300ms	1100	464.485300ms	0.0	409.342600ms	100	409.342600ms	0.0	23.070700ms	150	23.070700ms	2.1084386201083066E-6	23.070700ms	150	23.070700ms	2.1084386201083066E-6	
440	191717	466	2826597	1276	75	246526.0	80	308521.0	33	324443.0	0	393321.0	79	357849.0	1.7976931348623157E308	0.0	403.010100ms	1100	403.010100ms	7.375153403240989E-9	403.010100ms	1100	403.010100ms	7.375153403240989E-9	407.577200ms	100	407.577200ms	0.0	16.512ms	76	16.512ms	1.174097279295715E-6	16.512ms	76	16.512ms	1.174097279295715E-6	
441	192265	548	2827797	1200	75	246526.0	80	308521.0	33	324443.0	0	393321.0	79	357849.0	1.7976931348623157E308	0.0	504.555300ms	1100	504.555300ms	0.0	504.555300ms	1100	504.555300ms	0.0	419.344100ms	100	419.344100ms	2.6113618172100005E-5	0s	0	0s	0.0	0s	0	0s	0.0	
442	192886	620	2829752	1955	75	246479.0	80	308521.0	33	324443.0	0	393321.0	98	357802.0	1.7976931348623157E308	0.0	482.191900ms	1100	482.191900ms	0.0	482.191900ms	1100	482.191900ms	0.0	397.082300ms	100	397.082300ms	8.357636099985444E-4	95.137400ms	755	95.137400ms	2.5251557900244633E-7	95.137400ms	755	95.137400ms	2.5251557900244633E-7	
443	193472	585	2831767	2015	75	246476.0	80	308521.0	33	324443.0	0	393321.0	63	357567.0	1.7976931348623157E308	0.0	420.657200ms	1100	420.657200ms	0.0	420.657200ms	1100	420.657200ms	0.0	425.044300ms	100	425.044300ms	3.5356693559842055E-4	119.915900ms	815	119.915900ms	1.493426050527841E-8	119.915900ms	815	119.915900ms	1.493426050527841E-8	
444	194044	572	2833582	1815	75	246474.0	80	308521.0	33	324443.0	0	393321.0	63	357567.0	1.7976931348623157E308	0.0	445.475300ms	1100	445.475300ms	0.0	445.475300ms	1100	445.475300ms	0.0	379.227600ms	100	379.227600ms	0.0	86.341500ms	616	86.341500ms	1.3172695299985664E-8	86.341500ms	616	86.341500ms	1.3172695299985664E-8	
445	194498	454	2834821	1239	75	246460.0	80	308521.0	33	324443.0	0	393321.0	96	357237.0	1.7976931348623157E308	0.0	393.744900ms	1100	393.744900ms	0.0	393.744900ms	1100	393.744900ms	0.0	414.982900ms	100	414.982900ms	4.733088686006226E-4	13.685500ms	39	13.685500ms	1.4564390522896458E-6	13.685500ms	39	13.685500ms	1.4564390522896458E-6	
446	195027	528	2836026	1205	75	246260.0	80	308521.0	33	324443.0	0	393321.0	96	357237.0	1.7976931348623157E308	0.0	474.714900ms	1100	474.714900ms	0.0	474.714900ms	1100	474.714900ms	0.0	393.384900ms	100	393.384900ms	0.0	10.454300ms	5	10.454300ms	1.6229814168626787E-4	10.454300ms	5	10.454300ms	1.6229814168626787E-4	
447	195494	467	2837247	1221	75	246097.0	80	308521.0	33	324443.0	0	393321.0	96	357237.0	1.7976931348623157E308	0.0	411.836800ms	1100	411.836800ms	0.0	411.836800ms	1100	411.836800ms	0.0	414.965400ms	100	414.965400ms	0.0	12.003800ms	21	12.003800ms	3.151914546375846E-5	12.003800ms	21	12.003800ms	3.151914546375846E-5	
448	196064	570	2838653	1406	75	246036.0	80	308521.0	33	324443.0	0	393321.0	12	357170.0	1.7976931348623157E308	0.0	498.972900ms	1100	498.972900ms	0.0	498.972900ms	1100	498.972900ms	0.0	422.299ms	100	422.299ms	5.088424201542663E-4	27.208600ms	206	27.208600ms	1.203251176789506E-6	27.208600ms	206	27.208600ms	1.203251176789506E-6	
449	196564	499	2839885	1232	75	246012.0	80	308521.0	33	324443.0	0	393321.0	12	357170.0	1.7976931348623157E308	0.0	437.379ms	1100	437.379ms	0.0	437.379ms	1100	437.379ms	0.0	453.9ms	100	453.9ms	0.0	12.820700ms	33	12.820700ms	2.9559606206938733E-6	12.820700ms	33	12.820700ms	2.9559606206938733E-6	
450	197028	464	2841336	1451	75	245925.0	80	308521.0	33	324443.0	0	393321.0	61	357142.0	1.7976931348623157E308	0.0	383.751400ms	1100	383.751400ms	0.0	383.751400ms	1100	383.751400ms	0.0	430.714300ms	100	430.714300ms	6.334118004816635E-4	30.771300ms	252	30.771300ms	1.403338435678421E-6	30.771300ms	252	30.771300ms	1.403338435678421E-6	
451	197680	651	2842706	1370	75	245922.0	80	308521.0	33	324443.0	0	393321.0	61	357142.0	1.7976931348623157E308	0.0	537.391100ms	1100	537.391100ms	0.0	537.391100ms	1100	537.391100ms	0.0	390.285200ms	100	390.285200ms	1.0120690588299009E-4	71.314600ms	170	71.314600ms	7.17578888832047E-8	71.314600ms	170	71.314600ms	7.17578888832047E-8	
452	198339	659	2845122	2416	75	245905.0	80	308521.0	33	324443.0	0	393321.0	52	356831.0	1.7976931348623157E308	0.0	424.676900ms	1100	424.676900ms	0.0	424.676900ms	1100	424.676900ms	0.0	413.261300ms	100	413.261300ms	0.0010771139963437904	189.983800ms	1216	189.983800ms	5.684836313094752E-8	189.983800ms	1216	189.983800ms	5.684836313094752E-8	
453	198985	645	2847077	1955	75	245894.0	80	308521.0	33	324443.0	0	393321.0	52	356831.0	1.7976931348623157E308	0.0	456.054800ms	1100	456.054800ms	0.0	456.054800ms	1100	456.054800ms	0.0	417.683800ms	100	417.683800ms	0.0	144.78ms	755	144.78ms	5.9248638392224265E-8	144.78ms	755	144.78ms	5.9248638392224265E-8	
454	199715	730	2850278	3201	75	245894.0	80	308521.0	33	324443.0	0	393321.0	52	356831.0	1.7976931348623157E308	0.0	418.176300ms	1100	418.176300ms	0.0	418.176300ms	1100	418.176300ms	0.0	384.133900ms	100	384.133900ms	7.272857158557633E-5	271.774200ms	2001	271.774200ms	0.0	271.774200ms	2001	271.774200ms	0.0	
455	200595	880	2853478	3200	75	245133.0	80	308521.0	33	324443.0	0	393321.0	52	356831.0	1.7976931348623157E308	0.0	495.627500ms	1100	495.627500ms	2.8134813448810192E-6	495.627500ms	1100	495.627500ms	2.8134813448810192E-6	464.984800ms	100	464.984800ms	0.0	337.203700ms	2001	337.203700ms	0.0	337.203700ms	2001	337.203700ms	0.0	
456	201169	574	2854678	1200	75	245133.0	80	308521.0	33	324443.0	30	383660.0	32	356679.0	1.7976931348623157E308	0.0	530.278900ms	1100	530.278900ms	0.0	530.278900ms	1100	530.278900ms	0.0	407.351800ms	100	407.351800ms	5.516960265866389E-4	0s	0	0s	0.0	0s	0	0s	0.0	
457	201949	779	2857879	3201	75	245133.0	80	308521.0	33	324443.0	30	383660.0	32	356679.0	1.7976931348623157E308	0.0	444.067100ms	1100	444.067100ms	0.0	444.067100ms	1100	444.067100ms	0.0	406.993100ms	100	406.993100ms	0.0	291.811ms	2001	291.811ms	0.0	291.811ms	2001	291.811ms	0.0	
458	202437	488	2859103	1224	75	245087.0	80	308521.0	33	324443.0	30	383660.0	32	356679.0	1.7976931348623157E308	0.0	423.713800ms	1100	423.713800ms	0.0	423.713800ms	1100	423.713800ms	0.0	465.779100ms	100	465.779100ms	2.545233922070922E-4	13.444300ms	24	13.444300ms	7.818884714285343E-6	13.444300ms	24	13.444300ms	7.818884714285343E-6	
459	202902	465	2860363	1260	75	244941.0	80	308521.0	33	324443.0	30	383660.0	32	356679.0	1.7976931348623157E308	0.0	399.395200ms	1100	399.395200ms	0.0	399.395200ms	1100	399.395200ms	0.0	447.670400ms	100	447.670400ms	0.0	15.425ms	60	15.425ms	9.928447177261675E-6	15.425ms	60	15.425ms	9.928447177261675E-6	
460	203491	588	2862129	1766	75	244902.0	80	308521.0	33	324443.0	30	383660.0	32	356679.0	1.7976931348623157E308	0.0	459.082800ms	1100	459.082800ms	0.0	459.082800ms	1100	459.082800ms	0.0	392.389800ms	100	392.389800ms	0.0	88.884ms	566	88.884ms	2.8131098362292543E-7	88.884ms	566	88.884ms	2.8131098362292543E-7	
461	203968	476	2863569	1440	75	244680.0	80	308521.0	33	324443.0	30	383660.0	32	356679.0	1.7976931348623157E308	0.0	402.491300ms	1100	402.491300ms	0.0	402.491300ms	1100	402.491300ms	0.0	394.117500ms	100	394.117500ms	5.923751251834863E-5	33.829100ms	240	33.829100ms	3.7770210124868364E-6	33.829100ms	240	33.829100ms	3.7770210124868364E-6	
462	204498	530	2865006	1437	75	244654.0	80	308521.0	33	324443.0	30	383660.0	32	356679.0	1.7976931348623157E308	0.0	454.148200ms	1100	454.148200ms	0.0	454.148200ms	1100	454.148200ms	0.0	405.307500ms	100	405.307500ms	0.0	31.322300ms	237	31.322300ms	4.483596589433309E-7	31.322300ms	237	31.322300ms	4.483596589433309E-7	
463	205010	511	2866260	1254	75	244650.0	80	308521.0	33	324443.0	30	383660.0	32	356679.0	1.7976931348623157E308	0.0	453.35ms	1100	453.35ms	0.0	453.35ms	1100	453.35ms	0.0	391.617100ms	100	391.617100ms	0.0	14.446300ms	54	14.446300ms	3.027707459273359E-7	14.446300ms	54	14.446300ms	3.027707459273359E-7	
464	205584	574	2867571	1311	75	244610.0	80	308521.0	33	324443.0	30	383660.0	32	356679.0	1.7976931348623157E308	0.0	506.857300ms	1100	506.857300ms	0.0	506.857300ms	1100	506.857300ms	0.0	435.365200ms	100	435.365200ms	4.611624271706694E-4	19.827500ms	112	19.827500ms	1.4598113923682582E-6	19.827500ms	112	19.827500ms	1.4598113923682582E-6	
465	206258	674	2868799	1228	75	244563.0	80	308521.0	33	324443.0	30	383660.0	29	356584.0	1.7976931348623157E308	0.0	560.733ms	1100	560.733ms	0.0	560.733ms	1100	560.733ms	0.0	521.935400ms	100	521.935400ms	5.293262076445149E-4	51.889900ms	28	51.889900ms	6.862235511923791E-6	51.889900ms	28	51.889900ms	6.862235511923791E-6	
466	206930	671	2870273	1474	75	244551.0	80	308521.0	33	324443.0	30	383660.0	29	356584.0	1.7976931348623157E308	0.0	563.390600ms	1100	563.390600ms	0.0	563.390600ms	1100	563.390600ms	0.0	452.457800ms	100	452.457800ms	0.0	58.050400ms	274	58.050400ms	1.790770494227922E-7	58.050400ms	274	58.050400ms	1.790770494227922E-7	
467	207583	653	2871496	1223	75	244280.0	80	308521.0	33	324443.0	30	383660.0	29	356584.0	1.7976931348623157E308	0.0	578.677200ms	1100	578.677200ms	0.0	578.677200ms	1100	578.677200ms	0.0	479.821800ms	100	479.821800ms	0.0	22.632500ms	23	22.632500ms	4.8180578675418296E-5	22.632500ms	23	22.632500ms	4.8180578675418296E-5	
468	208393	810	2874697	3201	75	244280.0	80	308521.0	33	324443.0	30	383660.0	66	356079.0	1.7976931348623157E308	0.0	529.814700ms	1100	529.814700ms	0.0	529.814700ms	1100	529.814700ms	0.0	377.114400ms	100	377.114400ms	5.994588426656433E-4	240.770200ms	2001	240.770200ms	0.0	240.770200ms	2001	240.770200ms	0.0	
469	208989	595	2876124	1427	75	244191.0	80	308521.0	33	324443.0	30	383660.0	7	355982.0	1.7976931348623157E308	0.0	522.986900ms	1100	522.986900ms	0.0	522.986900ms	1100	522.986900ms	0.0	409.072ms	100	409.072ms	3.059749134811551E-4	28.983400ms	227	28.983400ms	1.6050044399109649E-6	28.983400ms	227	28.983400ms	1.6050044399109649E-6	
470	209559	570	2877828	1704	75	244165.0	80	308521.0	33	324443.0	30	383660.0	7	355982.0	1.7976931348623157E308	0.0	476.253500ms	1100	476.253500ms	0.0	476.253500ms	1100	476.253500ms	0.0	382.470800ms	100	382.470800ms	0.0	52.584700ms	504	52.584700ms	2.112579971714274E-7	52.584700ms	504	52.584700ms	2.112579971714274E-7	
471	210249	689	2880249	2421	75	244079.0	80	308521.0	33	324443.0	30	383660.0	7	355982.0	1.7976931348623157E308	0.0	506.384100ms	1100	506.384100ms	0.0	506.384100ms	1100	506.384100ms	0.0	431.338400ms	100	431.338400ms	2.2274344872209696E-4	136.103300ms	1221	136.103300ms	2.88469151737828E-7	136.103300ms	1221	136.103300ms	2.88469151737828E-7	
472	210734	485	2881495	1246	75	244019.0	80	308521.0	33	324443.0	30	383660.0	7	355982.0	1.7976931348623157E308	0.0	417.372800ms	1100	417.372800ms	0.0	417.372800ms	1100	417.372800ms	0.0	392.797500ms	100	392.797500ms	0.0	26.599200ms	46	26.599200ms	5.3439575960538255E-6	26.599200ms	46	26.599200ms	5.3439575960538255E-6	
473	211236	501	2882742	1247	75	244003.0	80	308521.0	33	324443.0	30	383660.0	7	355982.0	1.7976931348623157E308	0.0	446.522500ms	1100	446.522500ms	0.0	446.522500ms	1100	446.522500ms	0.0	396.339700ms	100	396.339700ms	0.0	14.158400ms	47	14.158400ms	1.3950779730887585E-6	14.158400ms	47	14.158400ms	1.3950779730887585E-6	
474	211893	657	2885942	3200	75	243892.0	80	308521.0	33	324443.0	30	383660.0	7	355982.0	1.7976931348623157E308	0.0	403.168500ms	1100	403.168500ms	4.1355676327378436E-7	403.168500ms	1100	403.168500ms	4.1355676327378436E-7	430.608600ms	100	430.608600ms	0.0	209.190800ms	2001	209.190800ms	0.0	209.190800ms	2001	209.190800ms	0.0	
475	212467	573	2887142	1200	75	243892.0	80	308521.0	33	324443.0	30	383660.0	7	355982.0	1.7976931348623157E308	0.0	527.238800ms	1100	527.238800ms	0.0	527.238800ms	1100	527.238800ms	0.0	424.962800ms	100	424.962800ms	2.0734067597784843E-4	0s	0	0s	0.0	0s	0	0s	0.0	
476	213270	802	2890343	3201	75	243892.0	80	308521.0	33	324443.0	30	383660.0	7	355982.0	1.7976931348623157E308	0.0	505.843600ms	1100	505.843600ms	0.0	505.843600ms	1100	505.843600ms	0.0	484.119ms	100	484.119ms	5.163496214437857E-4	242.433600ms	2001	242.433600ms	0.0	242.433600ms	2001	242.433600ms	0.0	
477	213982	711	2892888	2545	75	243845.0	80	308521.0	33	324443.0	30	383660.0	7	355982.0	1.7976931348623157E308	0.0	452.378700ms	1100	452.378700ms	1.714625870498996E-7	452.378700ms	1100	452.378700ms	1.714625870498996E-7	442.760100ms	100	442.760100ms	1.6910843993395264E-4	210.849300ms	1345	210.849300ms	3.0484576114979736E-9	210.849300ms	1345	210.849300ms	3.0484576114979736E-9	
478	214484	502	2894088	1200	75	243845.0	80	308521.0	33	324443.0	30	383660.0	99	355250.0	1.7976931348623157E308	0.0	458.834700ms	1100	458.834700ms	0.0	458.834700ms	1100	458.834700ms	0.0	406.157ms	100	406.157ms	5.356930817471117E-4	0s	0	0s	0.0	0s	0	0s	0.0	
479	215062	578	2895347	1259	75	243829.0	80	308521.0	33	324443.0	30	383660.0	59	354357.0	1.7976931348623157E308	0.0	496.019300ms	1100	496.019300ms	0.0	496.019300ms	1100	496.019300ms	0.0	427.181800ms	100	427.181800ms	4.0944912286506875E-4	36.549400ms	59	36.549400ms	1.1121263125253225E-6	36.549400ms	59	36.549400ms	1.1121263125253225E-6	
480	215607	544	2896610	1263	75	243828.0	80	308521.0	33	324443.0	30	383660.0	59	354357.0	1.7976931348623157E308	0.0	487.697800ms	1100	487.697800ms	0.0	487.697800ms	1100	487.697800ms	0.0	386.916300ms	100	386.916300ms	0.0	15.378600ms	63	15.378600ms	6.509896637801265E-8	15.378600ms	63	15.378600ms	6.509896637801265E-8	
481	216512	904	2898015	1405	75	243292.0	80	308521.0	33	324443.0	30	383660.0	59	354357.0	1.7976931348623157E308	0.0	820.911300ms	1100	820.911300ms	1.3449858925929093E-7	820.911300ms	1100	820.911300ms	1.3449858925929093E-7	423.157100ms	100	423.157100ms	0.0	38.523500ms	205	38.523500ms	1.0003052931754536E-5	38.523500ms	205	38.523500ms	1.0003052931754536E-5	
482	217104	592	2899215	1200	75	243292.0	80	308521.0	33	324443.0	30	383660.0	59	354357.0	1.7976931348623157E308	0.0	524.384300ms	1100	524.384300ms	0.0	524.384300ms	1100	524.384300ms	0.0	598.961700ms	100	598.961700ms	0.0	0s	0	0s	0.0	0s	0	0s	0.0	
483	217746	641	2900581	1366	75	243257.0	80	308521.0	33	324443.0	30	383660.0	59	354357.0	1.7976931348623157E308	0.0	561.734300ms	1100	561.734300ms	0.0	561.734300ms	1100	561.734300ms	0.0	414.364200ms	100	414.364200ms	0.0	36.393900ms	166	36.393900ms	8.66626824942991E-7	36.393900ms	166	36.393900ms	8.66626824942991E-7	
484	218370	623	2901813	1232	75	243240.0	80	308521.0	33	324443.0	30	383660.0	59	354357.0	1.7976931348623157E308	0.0	564.579800ms	1100	564.579800ms	0.0	564.579800ms	1100	564.579800ms	0.0	420.782400ms	100	420.782400ms	4.2141859614362785E-4	13.712800ms	32	13.712800ms	2.18390426585946E-6	13.712800ms	32	13.712800ms	2.18390426585946E-6	
485	218861	490	2903021	1208	75	243238.0	80	308521.0	33	324443.0	30	383660.0	59	354357.0	1.7976931348623157E308	0.0	436.251700ms	1100	436.251700ms	0.0	436.251700ms	1100	436.251700ms	0.0	410.115400ms	100	410.115400ms	0.0	10.304400ms	8	10.304400ms	1.0277914816586575E-6	10.304400ms	8	10.304400ms	1.0277914816586575E-6	
486	219389	528	2904225	1204	75	243091.0	80	308521.0	33	324443.0	30	383660.0	14	354328.0	1.7976931348623157E308	0.0	469.134500ms	1100	469.134500ms	0.0	469.134500ms	1100	469.134500ms	0.0	442.077400ms	100	442.077400ms	7.64272359831012E-4	11.136700ms	4	11.136700ms	1.510865900887226E-4	11.136700ms	4	11.136700ms	1.510865900887226E-4	
487	219915	526	2905505	1280	75	242902.0	80	308521.0	33	324443.0	30	383660.0	46	354175.0	1.7976931348623157E308	0.0	467.031700ms	1100	467.031700ms	1.3097297578459143E-7	467.031700ms	1100	467.031700ms	1.3097297578459143E-7	395.814500ms	100	395.814500ms	2.3923048905665322E-4	16.631700ms	80	16.631700ms	7.91884520611602E-6	16.631700ms	80	16.631700ms	7.91884520611602E-6	
488	220424	508	2906705	1200	75	242902.0	80	308521.0	33	324443.0	30	383660.0	46	354175.0	1.7976931348623157E308	0.0	463.625600ms	1100	463.625600ms	0.0	463.625600ms	1100	463.625600ms	0.0	420.048400ms	100	420.048400ms	0.0	0s	0	0s	0.0	0s	0	0s	0.0	
489	221083	658	2909071	2366	75	242824.0	80	308521.0	33	324443.0	30	383660.0	46	354175.0	1.7976931348623157E308	0.0	449.448600ms	1100	449.448600ms	0.0	449.448600ms	1100	449.448600ms	0.0	425.726200ms	100	425.726200ms	0.0	162.856300ms	1167	162.856300ms	2.7516466012008587E-7	162.856300ms	1167	162.856300ms	2.7516466012008587E-7	
490	221580	497	2910309	1238	75	242746.0	80	308521.0	33	324443.0	30	383660.0	46	354175.0	1.7976931348623157E308	0.0	430.838800ms	1100	430.838800ms	0.0	430.838800ms	1100	430.838800ms	0.0	389.883ms	100	389.883ms	0.0	25.795800ms	39	25.795800ms	8.236418146475208E-6	25.795800ms	39	25.795800ms	8.236418146475208E-6	
491	222314	734	2913510	3201	75	242746.0	80	308521.0	33	324443.0	30	383660.0	46	354175.0	1.7976931348623157E308	0.0	472.253400ms	1100	472.253400ms	0.0	472.253400ms	1100	472.253400ms	0.0	416.246800ms	100	416.246800ms	0.0	220.399200ms	2001	220.399200ms	0.0	220.399200ms	2001	220.399200ms	0.0	
492	223381	1066	2916711	3201	75	242746.0	80	308521.0	33	324443.0	30	383660.0	25	354037.0	1.7976931348623157E308	0.0	617.955200ms	1100	617.955200ms	0.0	617.955200ms	1100	617.955200ms	0.0	402.241200ms	100	402.241200ms	1.5012821942245514E-4	401.906600ms	2001	401.906600ms	0.0	401.906600ms	2001	401.906600ms	0.0	
493	224032	650	2918013	1302	75	242666.0	80	308521.0	33	324443.0	30	383660.0	25	354037.0	1.7976931348623157E308	0.0	569.152100ms	1100	569.152100ms	0.0	569.152100ms	1100	569.152100ms	0.0	398.298ms	100	398.298ms	0.0	39.977ms	102	39.977ms	3.231005765245633E-6	39.977ms	102	39.977ms	3.231005765245633E-6	
494	224618	586	2919404	1391	75	242639.0	80	308521.0	33	324443.0	30	383660.0	87	353742.0	1.7976931348623157E308	0.0	511.642700ms	1100	511.642700ms	7.493300053078174E-9	511.642700ms	1100	511.642700ms	7.493300053078174E-9	412.401200ms	100	412.401200ms	5.889246517661739E-4	28.402700ms	191	28.402700ms	5.393835657077991E-7	28.402700ms	191	28.402700ms	5.393835657077991E-7	
495	225185	567	2920604	1200	75	242639.0	80	308521.0	33	324443.0	30	383660.0	87	353742.0	1.7976931348623157E308	0.0	521.219800ms	1100	521.219800ms	0.0	521.219800ms	1100	521.219800ms	0.0	442.546800ms	100	442.546800ms	0.0	0s	0	0s	0.0	0s	0	0s	0.0	
496	225760	574	2921894	1290	75	242629.0	80	308521.0	33	324443.0	30	383660.0	87	353742.0	1.7976931348623157E308	0.0	514.423100ms	1100	514.423100ms	0.0	514.423100ms	1100	514.423100ms	0.0	395.895700ms	100	395.895700ms	5.735626980534181E-4	17.863500ms	90	17.863500ms	4.579276666613927E-7	17.863500ms	90	17.863500ms	4.579276666613927E-7	
497	226309	548	2923479	1585	75	242625.0	80	308521.0	33	324443.0	30	383660.0	74	353582.0	1.7976931348623157E308	0.0	464.196300ms	1100	464.196300ms	0.0	464.196300ms	1100	464.196300ms	0.0	388.735500ms	100	388.735500ms	0.0010807496075353217	42.085500ms	385	42.085500ms	4.2820975191101445E-8	42.085500ms	385	42.085500ms	4.2820975191101445E-8	
498	226865	556	2924867	1388	75	242591.0	80	308521.0	33	324443.0	30	383660.0	74	353582.0	1.7976931348623157E308	0.0	471.505300ms	1100	471.505300ms	0.0	471.505300ms	1100	471.505300ms	0.0	395.431700ms	100	395.431700ms	1.0196071615816705E-5	42.345500ms	188	42.345500ms	7.453933594218536E-7	42.345500ms	188	42.345500ms	7.453933594218536E-7	
499	227453	588	2926214	1347	75	242590.0	80	308521.0	33	324443.0	30	383660.0	74	353582.0	1.7976931348623157E308	0.0	508.749200ms	1100	508.749200ms	0.0	508.749200ms	1100	508.749200ms	0.0	434.992100ms	100	434.992100ms	4.4578572968312135E-4	34.413500ms	147	34.413500ms	2.8041935143555752E-8	34.413500ms	147	34.413500ms	2.8041935143555752E-8	
500	228033	579	2927486	1272	75	242583.0	80	308521.0	33	324443.0	30	383660.0	74	353582.0	1.7976931348623157E308	0.0	504.775ms	1100	504.775ms	0.0	504.775ms	1100	504.775ms	0.0	500.434400ms	100	500.434400ms	0.0	17.920800ms	72	17.920800ms	4.0076764179189065E-7	17.920800ms	72	17.920800ms	4.0076764179189065E-7	
501	228501	468	2928754	1268	75	242491.0	80	308521.0	33	324443.0	30	383660.0	74	353582.0	1.7976931348623157E308	0.0	410.551500ms	1100	410.551500ms	0.0	410.551500ms	1100	410.551500ms	0.0	382.093500ms	100	382.093500ms	0.0	17.815300ms	68	17.815300ms	5.577229964467477E-6	17.815300ms	68	17.815300ms	5.577229964467477E-6	
502	229166	664	2931955	3201	75	242491.0	80	308521.0	33	324443.0	30	383660.0	74	353582.0	1.7976931348623157E308	0.0	409.804100ms	1100	409.804100ms	0.0	409.804100ms	1100	409.804100ms	0.0	391.154700ms	100	391.154700ms	0.0	213.333200ms	2001	213.333200ms	0.0	213.333200ms	2001	213.333200ms	0.0	
503	229882	716	2935156	3201	75	242491.0	80	308521.0	33	324443.0	30	383660.0	74	353582.0	1.7976931348623157E308	0.0	467.173800ms	1100	467.173800ms	0.0	467.173800ms	1100	467.173800ms	0.0	383.954100ms	100	383.954100ms	0.0	209.350600ms	2001	209.350600ms	0.0	209.350600ms	2001	209.350600ms	0.0	
504	230414	531	2936628	1472	75	242449.0	80	308521.0	33	324443.0	30	383660.0	74	353582.0	1.7976931348623157E308	0.0	435.365500ms	1100	435.365500ms	0.0	435.365500ms	1100	435.365500ms	0.0	392.232100ms	100	392.232100ms	0.0	54.639700ms	272	54.639700ms	6.367731779978703E-7	54.639700ms	272	54.639700ms	6.367731779978703E-7	
505	230943	529	2938398	1770	75	242427.0	80	308521.0	33	324443.0	30	383660.0	74	353582.0	1.7976931348623157E308	0.0	414.037300ms	1100	414.037300ms	0.0	414.037300ms	1100	414.037300ms	0.0	502.347ms	100	502.347ms	0.0	62.702600ms	570	62.702600ms	1.5919426860117145E-7	62.702600ms	570	62.702600ms	1.5919426860117145E-7	
506	231578	635	2940062	1664	75	242405.0	80	308521.0	33	324443.0	30	383660.0	74	353582.0	1.7976931348623157E308	0.0	507.117ms	1100	507.117ms	0.0	507.117ms	1100	507.117ms	0.0	582.547800ms	100	582.547800ms	0.0	64.861400ms	464	64.861400ms	1.9557967183305215E-7	64.861400ms	464	64.861400ms	1.9557967183305215E-7	
507	232216	637	2941414	1352	75	242392.0	80	308521.0	33	324443.0	30	383660.0	74	353582.0	1.7976931348623157E308	0.0	537.254700ms	1100	537.254700ms	0.0	537.254700ms	1100	537.254700ms	0.0	408.608400ms	100	408.608400ms	0.0	54.643200ms	154	54.643200ms	3.48241927417436E-7	54.643200ms	154	54.643200ms	3.48241927417436E-7	
508	233000	784	2944615	3201	75	242392.0	80	308521.0	33	324443.0	30	383660.0	74	353582.0	1.7976931348623157E308	0.0	478.200700ms	1100	478.200700ms	0.0	478.200700ms	1100	478.200700ms	0.0	421.007400ms	100	421.007400ms	0.0	258.380300ms	2001	258.380300ms	0.0	258.380300ms	2001	258.380300ms	0.0	
509	233740	740	2947816	3201	75	242392.0	80	308521.0	33	324443.0	30	383660.0	74	353582.0	1.7976931348623157E308	0.0	450.657900ms	1100	450.657900ms	0.0	450.657900ms	1100	450.657900ms	0.0	466.553700ms	100	466.553700ms	0.0	241.170900ms	2001	241.170900ms	0.0	241.170900ms	2001	241.170900ms	0.0	
510	234241	500	2949300	1484	75	242388.0	80	308521.0	33	324443.0	30	383660.0	74	353582.0	1.7976931348623157E308	0.0	419.108300ms	1100	419.108300ms	0.0	419.108300ms	1100	419.108300ms	0.0	427.486600ms	100	427.486600ms	0.0	34.089500ms	284	34.089500ms	5.8106319689713535E-8	34.089500ms	284	34.089500ms	5.8106319689713535E-8	
511	234865	624	2950963	1663	75	242387.0	80	308521.0	33	324443.0	30	383660.0	74	353582.0	1.7976931348623157E308	0.0	518.557900ms	1100	518.557900ms	0.0	518.557900ms	1100	518.557900ms	0.0	393.074300ms	100	393.074300ms	0.0	64.461800ms	463	64.461800ms	8.910619394729734E-9	64.461800ms	463	64.461800ms	8.910619394729734E-9	
512	235457	592	2952666	1703	75	242386.0	80	308521.0	33	324443.0	30	383660.0	74	353582.0	1.7976931348623157E308	0.0	477.533500ms	1100	477.533500ms	0.0	477.533500ms	1100	477.533500ms	0.0	385.922100ms	100	385.922100ms	0.0	74.06ms	503	74.06ms	8.202055269340028E-9	74.06ms	503	74.06ms	8.202055269340028E-9	
513	236048	591	2954354	1688	75	242316.0	80	308521.0	33	324443.0	30	383660.0	74	353582.0	1.7976931348623157E308	0.0	476.670200ms	1100	476.670200ms	0.0	476.670200ms	1100	476.670200ms	0.0	396.977400ms	100	396.977400ms	0.0	72.505600ms	488	72.505600ms	5.917941752032096E-7	72.505600ms	488	72.505600ms	5.917941752032096E-7	
514	236516	467	2955992	1638	75	242060.0	80	308521.0	33	324443.0	30	383660.0	74	353582.0	1.7976931348623157E308	0.0	379.414100ms	1100	379.414100ms	0.0	379.414100ms	1100	379.414100ms	0.0	377.950100ms	100	377.950100ms	0.0	48.489300ms	438	48.489300ms	2.41203587812907E-6	48.489300ms	438	48.489300ms	2.41203587812907E-6	
515	236999	482	2957235	1243	75	241861.0	80	308521.0	33	324443.0	30	383660.0	39	353374.0	1.7976931348623157E308	0.0	426.012300ms	1100	426.012300ms	0.0	426.012300ms	1100	426.012300ms	0.0	407.171400ms	100	407.171400ms	4.946999399575558E-4	13.457600ms	43	13.457600ms	1.911884233968393E-5	13.457600ms	43	13.457600ms	1.911884233968393E-5	
516	237489	490	2958553	1318	75	241826.0	80	308521.0	33	324443.0	30	383660.0	39	353374.0	1.7976931348623157E308	0.0	405.221ms	1100	405.221ms	0.0	405.221ms	1100	405.221ms	0.0	374.620600ms	100	374.620600ms	0.0	44.196900ms	118	44.196900ms	1.2263662578565575E-6	44.196900ms	118	44.196900ms	1.2263662578565575E-6	
517	238130	640	2961754	3201	75	241826.0	80	308521.0	33	324443.0	30	383660.0	39	353374.0	1.7976931348623157E308	0.0	362.260900ms	1100	362.260900ms	0.0	362.260900ms	1100	362.260900ms	0.0	382.754600ms	100	382.754600ms	0.0	236.232200ms	2001	236.232200ms	0.0	236.232200ms	2001	236.232200ms	0.0	
518	238602	472	2963074	1320	75	241820.0	80	308521.0	33	324443.0	30	383660.0	39	353374.0	1.7976931348623157E308	0.0	403.057500ms	1100	403.057500ms	0.0	403.057500ms	1100	403.057500ms	0.0	453.202300ms	100	453.202300ms	0.0	20.494400ms	120	20.494400ms	2.0676023256375556E-7	20.494400ms	120	20.494400ms	2.0676023256375556E-7	
519	239199	596	2966134	3060	75	241726.0	80	308521.0	33	324443.0	0	379587.0	39	353374.0	1.7976931348623157E308	0.0	381.756ms	1100	381.756ms	0.0	381.756ms	1100	381.756ms	0.0	454.176800ms	100	454.176800ms	2.2728457488401242E-4	167.331200ms	1860	167.331200ms	2.0898864613597344E-7	167.331200ms	1860	167.331200ms	2.0898864613597344E-7	
520	239646	446	2967547	1413	75	241577.0	80	308521.0	33	324443.0	0	379587.0	39	353374.0	1.7976931348623157E308	0.0	364.602500ms	1100	364.602500ms	0.0	364.602500ms	1100	364.602500ms	0.0	385.275700ms	100	385.275700ms	0.0	41.676200ms	213	41.676200ms	2.8938985315273816E-6	41.676200ms	213	41.676200ms	2.8938985315273816E-6	
521	240251	604	2970134	2587	75	241573.0	80	308521.0	33	324443.0	0	379587.0	39	353374.0	1.7976931348623157E308	0.0	431.385700ms	1100	431.385700ms	0.0	431.385700ms	1100	431.385700ms	0.0	417.363300ms	100	417.363300ms	0.0	128.133100ms	1387	128.133100ms	1.1937900272420055E-8	128.133100ms	1387	128.133100ms	1.1937900272420055E-8	
522	240814	563	2972471	2337	75	241502.0	80	308521.0	33	324443.0	0	379587.0	39	353374.0	1.7976931348623157E308	0.0	355.895ms	1100	355.895ms	0.0	355.895ms	1100	355.895ms	0.0	431.049600ms	100	431.049600ms	0.0	159.389400ms	1137	159.389400ms	2.584934193091E-7	159.389400ms	1137	159.389400ms	2.584934193091E-7	
523	241250	436	2973848	1377	75	241494.0	80	308521.0	33	324443.0	0	379587.0	39	353374.0	1.7976931348623157E308	0.0	366.554600ms	1100	366.554600ms	0.0	366.554600ms	1100	366.554600ms	0.0	382.964800ms	100	382.964800ms	0.0	29.455400ms	177	29.455400ms	1.8715265344815456E-7	29.455400ms	177	29.455400ms	1.8715265344815456E-7	
524	241986	735	2977049	3201	75	241494.0	80	308521.0	33	324443.0	0	379587.0	39	353374.0	1.7976931348623157E308	0.0	491.490200ms	1100	491.490200ms	0.0	491.490200ms	1100	491.490200ms	0.0	403.682600ms	100	403.682600ms	0.0	201.947700ms	2001	201.947700ms	0.0	201.947700ms	2001	201.947700ms	0.0	
525	242727	741	2980250	3201	75	241494.0	80	308521.0	33	324443.0	0	379587.0	39	353374.0	1.7976931348623157E308	0.0	414.003900ms	1100	414.003900ms	0.0	414.003900ms	1100	414.003900ms	0.0	395.432500ms	100	395.432500ms	0.0	283.081ms	2001	283.081ms	0.0	283.081ms	2001	283.081ms	0.0	
526	243420	693	2983451	3201	75	241494.0	80	308521.0	33	324443.0	0	379587.0	56	352595.0	1.7976931348623157E308	0.0	369.051100ms	1100	369.051100ms	0.0	369.051100ms	1100	369.051100ms	0.0	394.853900ms	100	394.853900ms	2.579136771806323E-4	281.942600ms	2001	281.942600ms	0.0	281.942600ms	2001	281.942600ms	0.0	
527	244123	702	2986652	3201	75	241494.0	80	308521.0	33	324443.0	0	379587.0	56	352595.0	1.7976931348623157E308	0.0	458.886400ms	1100	458.886400ms	0.0	458.886400ms	1100	458.886400ms	0.0	402.917400ms	100	402.917400ms	0.0	197.813700ms	2001	197.813700ms	0.0	197.813700ms	2001	197.813700ms	0.0	
528	244781	657	2989853	3201	75	241494.0	80	308521.0	33	324443.0	0	379587.0	56	352595.0	1.7976931348623157E308	0.0	403.072200ms	1100	403.072200ms	0.0	403.072200ms	1100	403.072200ms	0.0	386.375400ms	100	386.375400ms	0.0	212.08ms	2001	212.08ms	0.0	212.08ms	2001	212.08ms	0.0	
529	245384	603	2993054	3201	75	241494.0	80	308521.0	50	319740.0	0	379587.0	56	352595.0	1.7976931348623157E308	0.0	368.885900ms	1100	368.885900ms	0.0	368.885900ms	1100	368.885900ms	0.0	518.604600ms	100	518.604600ms	7.406013077952244E-4	178.543300ms	2001	178.543300ms	0.0	178.543300ms	2001	178.543300ms	0.0	
530	245992	607	2996255	3201	75	241494.0	80	308521.0	50	319740.0	0	379587.0	56	352595.0	1.7976931348623157E308	0.0	373.753600ms	1100	373.753600ms	0.0	373.753600ms	1100	373.753600ms	0.0	375.175100ms	100	375.175100ms	0.0	193.364800ms	2001	193.364800ms	0.0	193.364800ms	2001	193.364800ms	0.0	
531	246676	684	2999456	3201	75	241494.0	80	308521.0	50	319740.0	0	379587.0	56	352595.0	1.7976931348623157E308	0.0	381.893600ms	1100	381.893600ms	0.0	381.893600ms	1100	381.893600ms	0.0	401.427400ms	100	401.427400ms	0.0	260.019600ms	2001	260.019600ms	0.0	260.019600ms	2001	260.019600ms	0.0	
532	247365	688	3002657	3201	75	241494.0	80	308521.0	50	319740.0	0	379587.0	56	352595.0	1.7976931348623157E308	0.0	455.025200ms	1100	455.025200ms	0.0	455.025200ms	1100	455.025200ms	0.0	386.417600ms	100	386.417600ms	0.0	191.719400ms	2001	191.719400ms	0.0	191.719400ms	2001	191.719400ms	0.0	
533	248017	652	3005858	3201	75	241464.0	80	308521.0	50	319740.0	0	379587.0	56	352595.0	1.7976931348623157E308	0.0	400.989ms	1100	400.989ms	1.1293335351073272E-7	400.989ms	1100	400.989ms	1.1293335351073272E-7	384.272300ms	100	384.272300ms	0.0	210.259300ms	2001	210.259300ms	0.0	210.259300ms	2001	210.259300ms	0.0	
534	248488	471	3007058	1200	75	241464.0	80	308521.0	50	319740.0	0	379587.0	56	352595.0	1.7976931348623157E308	0.0	430.183800ms	1100	430.183800ms	0.0	430.183800ms	1100	430.183800ms	0.0	380.706800ms	100	380.706800ms	0.0	0s	0	0s	0.0	0s	0	0s	0.0	
535	249144	655	3010259	3201	75	241464.0	80	308521.0	50	319740.0	0	379587.0	56	352595.0	1.7976931348623157E308	0.0	382.100500ms	1100	382.100500ms	0.0	382.100500ms	1100	382.100500ms	0.0	385.873300ms	100	385.873300ms	0.0	231.920400ms	2001	231.920400ms	0.0	231.920400ms	2001	231.920400ms	0.0	
536	249800	656	3013459	3200	75	241464.0	80	308521.0	50	319740.0	0	379587.0	21	351963.0	1.7976931348623157E308	0.0	404.392600ms	1100	404.392600ms	0.0	404.392600ms	1100	404.392600ms	0.0	404.939100ms	100	404.939100ms	1.5850402710160805E-4	206.967900ms	2001	206.967900ms	0.0	206.967900ms	2001	206.967900ms	0.0	
537	250286	485	3014973	1514	75	241375.0	80	308521.0	50	319740.0	0	379587.0	21	351963.0	1.7976931348623157E308	0.0	404.975600ms	1100	404.975600ms	0.0	404.975600ms	1100	404.975600ms	0.0	391.785300ms	100	391.785300ms	0.0	37.710500ms	314	37.710500ms	1.1738374683011076E-6	37.710500ms	314	37.710500ms	1.1738374683011076E-6	
538	250990	704	3018174	3201	75	241375.0	80	308521.0	50	319740.0	0	379587.0	21	351963.0	1.7976931348623157E308	0.0	454.945800ms	1100	454.945800ms	0.0	454.945800ms	1100	454.945800ms	0.0	381.390300ms	100	381.390300ms	0.0	208.518300ms	2001	208.518300ms	0.0	208.518300ms	2001	208.518300ms	0.0	
539	251504	514	3019922	1748	75	241367.0	80	308521.0	50	319740.0	0	379587.0	21	351963.0	1.7976931348623157E308	0.0	413.992ms	1100	413.992ms	0.0	413.992ms	1100	413.992ms	0.0	429.163200ms	100	429.163200ms	0.0	55.723100ms	548	55.723100ms	6.048074633246646E-8	55.723100ms	548	55.723100ms	6.048074633246646E-8	
540	251999	495	3021186	1264	75	241300.0	80	308521.0	50	319740.0	0	379587.0	29	350932.0	1.7976931348623157E308	0.0	428.912200ms	1100	428.912200ms	0.0	428.912200ms	1100	428.912200ms	0.0	461.787900ms	100	461.787900ms	2.95885747032153E-4	15.434100ms	64	15.434100ms	4.337274772442737E-6	15.434100ms	64	15.434100ms	4.337274772442737E-6	
541	252690	690	3024387	3201	75	241300.0	80	308521.0	50	319740.0	0	379587.0	29	350932.0	1.7976931348623157E308	0.0	438.444200ms	1100	438.444200ms	0.0	438.444200ms	1100	438.444200ms	0.0	380.372100ms	100	380.372100ms	0.0	211.515600ms	2001	211.515600ms	0.0	211.515600ms	2001	211.515600ms	0.0	
542	253231	540	3026533	2146	75	241290.0	80	308521.0	50	319740.0	0	379587.0	29	350932.0	1.7976931348623157E308	0.0	398.566900ms	1100	398.566900ms	0.0	398.566900ms	1100	398.566900ms	0.0	380.857800ms	100	380.857800ms	0.0	99.767300ms	946	99.767300ms	4.3807809881078463E-8	99.767300ms	946	99.767300ms	4.3807809881078463E-8	
543	253697	466	3028174	1641	75	241277.0	80	308521.0	50	319740.0	0	379587.0	29	350932.0	1.7976931348623157E308	0.0	357.794800ms	1100	357.794800ms	0.0	357.794800ms	1100	357.794800ms	0.0	458.832900ms	100	458.832900ms	0.0	59.874ms	441	59.874ms	1.2217024348255768E-7	59.874ms	441	59.874ms	1.2217024348255768E-7	
544	254158	460	3029391	1217	75	241276.0	80	308521.0	50	319740.0	0	379587.0	29	350932.0	1.7976931348623157E308	0.0	407.547800ms	1100	407.547800ms	0.0	407.547800ms	1100	407.547800ms	0.0	369.876800ms	100	369.876800ms	0.0	11.138400ms	17	11.138400ms	2.438008157056761E-7	11.138400ms	17	11.138400ms	2.438008157056761E-7	
545	254775	616	3032592	3201	75	241276.0	80	308521.0	50	319740.0	0	379587.0	29	350932.0	1.7976931348623157E308	0.0	381.623400ms	1100	381.623400ms	0.0	381.623400ms	1100	381.623400ms	0.0	416.766200ms	100	416.766200ms	0.0	190.815200ms	2001	190.815200ms	0.0	190.815200ms	2001	190.815200ms	0.0	
546	255386	611	3035793	3201	75	241276.0	80	308521.0	50	319740.0	0	379587.0	79	350602.0	1.7976931348623157E308	0.0	374.514200ms	1100	374.514200ms	0.0	374.514200ms	1100	374.514200ms	0.0	385.204300ms	100	385.204300ms	3.9222736892046697E-4	195.547ms	2001	195.547ms	0.0	195.547ms	2001	195.547ms	0.0	
547	255971	584	3038108	2315	75	241274.0	80	308521.0	50	319740.0	0	379587.0	2	350245.0	1.7976931348623157E308	0.0	414.110700ms	1100	414.110700ms	0.0	414.110700ms	1100	414.110700ms	0.0	441.230700ms	100	441.230700ms	7.568331420304908E-4	125.268300ms	1115	125.268300ms	7.434315775645278E-9	125.268300ms	1115	125.268300ms	7.434315775645278E-9	
548	256448	476	3039886	1778	75	241265.0	80	308521.0	50	319740.0	0	379587.0	2	350245.0	1.7976931348623157E308	0.0	373.410800ms	1100	373.410800ms	0.0	373.410800ms	1100	373.410800ms	0.0	384.163ms	100	384.163ms	0.0	63.028200ms	578	63.028200ms	6.453631247474973E-8	63.028200ms	578	63.028200ms	6.453631247474973E-8	
549	256870	422	3041110	1224	75	241219.0	80	308521.0	50	319740.0	0	379587.0	2	350245.0	1.7976931348623157E308	0.0	369.137800ms	1100	369.137800ms	0.0	369.137800ms	1100	369.137800ms	0.0	386.620800ms	100	386.620800ms	0.0	11.979800ms	24	11.979800ms	7.944238354780827E-6	11.979800ms	24	11.979800ms	7.944238354780827E-6	
550	257300	429	3042393	1283	75	241212.0	25	301814.0	80	308521.0	0	379587.0	71	350086.0	1.7976931348623157E308	0.0	371.903500ms	1100	371.903500ms	0.0	371.903500ms	1100	371.903500ms	0.0	376.353700ms	100	376.353700ms	0.0015723673818186256	17.101900ms	84	17.101900ms	3.454675350339762E-7	17.101900ms	84	17.101900ms	3.454675350339762E-7	
551	257744	444	3043770	1377	75	241201.0	25	301814.0	80	308521.0	0	379587.0	71	350086.0	1.7976931348623157E308	0.0	372.521500ms	1100	372.521500ms	0.0	372.521500ms	1100	372.521500ms	0.0	448.575600ms	100	448.575600ms	0.0	25.016100ms	177	25.016100ms	2.5764428243787574E-7	25.016100ms	177	25.016100ms	2.5764428243787574E-7	
552	258213	468	3045062	1292	75	241187.0	25	301814.0	80	308521.0	0	379587.0	71	350086.0	1.7976931348623157E308	0.0	402.565300ms	1100	402.565300ms	0.0	402.565300ms	1100	402.565300ms	0.0	426.775100ms	100	426.775100ms	0.0	18.138600ms	92	18.138600ms	6.309008380710612E-7	18.138600ms	92	18.138600ms	6.309008380710612E-7	
553	258687	474	3046311	1249	75	241180.0	25	301814.0	80	308521.0	0	379587.0	32	349502.0	1.7976931348623157E308	0.0	418.933ms	1100	418.933ms	0.0	418.933ms	1100	418.933ms	0.0	382.466600ms	100	382.466600ms	5.353790238268575E-4	14.197700ms	49	14.197700ms	5.923086354448051E-7	14.197700ms	49	14.197700ms	5.923086354448051E-7	
554	259299	611	3049512	3201	75	241180.0	25	301814.0	80	308521.0	0	379587.0	32	349502.0	1.7976931348623157E308	0.0	368.255600ms	1100	368.255600ms	0.0	368.255600ms	1100	368.255600ms	0.0	386.572500ms	100	386.572500ms	0.0	201.926800ms	2001	201.926800ms	0.0	201.926800ms	2001	201.926800ms	0.0	
555	259928	629	3052713	3201	75	241180.0	25	301814.0	80	308521.0	0	379587.0	32	349502.0	1.7976931348623157E308	0.0	387.217100ms	1100	387.217100ms	0.0	387.217100ms	1100	387.217100ms	0.0	371.509200ms	100	371.509200ms	0.0	203.185700ms	2001	203.185700ms	0.0	203.185700ms	2001	203.185700ms	0.0	
556	260500	571	3055266	2553	75	241149.0	25	301814.0	80	308521.0	0	379587.0	32	349502.0	1.7976931348623157E308	0.0	391.173300ms	1100	391.173300ms	5.6543943691296634E-8	391.173300ms	1100	391.173300ms	5.6543943691296634E-8	393.164200ms	100	393.164200ms	0.0	137.464500ms	1353	137.464500ms	4.9032145290571326E-8	137.464500ms	1353	137.464500ms	4.9032145290571326E-8	
557	260930	430	3056466	1200	75	241149.0	25	301814.0	80	308521.0	0	379587.0	32	349502.0	1.7976931348623157E308	0.0	388.742700ms	1100	388.742700ms	0.0	388.742700ms	1100	388.742700ms	0.0	380.563500ms	100	380.563500ms	0.0	0s	0	0s	0.0	0s	0	0s	0.0	
558	261487	556	3058169	1703	75	240697.0	25	301814.0	80	308521.0	0	379587.0	32	349502.0	1.7976931348623157E308	0.0	460.433300ms	1100	460.433300ms	0.0	460.433300ms	1100	460.433300ms	0.0	408.416600ms	100	408.416600ms	0.0	52.955800ms	503	52.955800ms	3.7263615022273215E-6	52.955800ms	503	52.955800ms	3.7263615022273215E-6	
559	261966	479	3059578	1409	75	240265.0	25	301814.0	80	308521.0	0	379587.0	32	349502.0	1.7976931348623157E308	0.0	408.524100ms	1100	408.524100ms	9.524936245292553E-7	408.524100ms	1100	408.524100ms	9.524936245292553E-7	414.796200ms	100	414.796200ms	2.681842036906468E-4	27.659400ms	209	27.659400ms	3.5781252742610213E-6	27.659400ms	209	27.659400ms	3.5781252742610213E-6	
560	262433	466	3060778	1200	75	240265.0	25	301814.0	80	308521.0	0	379587.0	90	349431.0	1.7976931348623157E308	0.0	425.820600ms	1100	425.820600ms	0.0	425.820600ms	1100	425.820600ms	0.0	386.441700ms	100	386.441700ms	5.22044982209503E-4	0s	0	0s	0.0	0s	0	0s	0.0	
561	262951	518	3062785	2007	75	240101.0	25	301814.0	80	308521.0	0	379587.0	90	349431.0	1.7976931348623157E308	0.0	382.146800ms	1100	382.146800ms	0.0	382.146800ms	1100	382.146800ms	0.0	389.865500ms	100	389.865500ms	0.0	93.532100ms	807	93.532100ms	8.45823607973546E-7	93.532100ms	807	93.532100ms	8.45823607973546E-7	
562	263431	479	3064611	1826	75	240062.0	25	301814.0	80	308521.0	0	379587.0	90	349431.0	1.7976931348623157E308	0.0	376.083300ms	1100	376.083300ms	0.0	376.083300ms	1100	376.083300ms	0.0	379.830400ms	100	379.830400ms	0.0	62.923200ms	626	62.923200ms	2.5947546861031685E-7	62.923200ms	626	62.923200ms	2.5947546861031685E-7	
563	263949	518	3066208	1597	75	240044.0	25	301814.0	80	308521.0	0	379587.0	90	349431.0	1.7976931348623157E308	0.0	429.937300ms	1100	429.937300ms	0.0	429.937300ms	1100	429.937300ms	0.0	394.394100ms	100	394.394100ms	0.0	45.229200ms	397	45.229200ms	1.8886808565210243E-7	45.229200ms	397	45.229200ms	1.8886808565210243E-7	
564	264551	602	3069409	3201	75	240044.0	25	301814.0	80	308521.0	0	379587.0	90	349431.0	1.7976931348623157E308	0.0	370.033400ms	1100	370.033400ms	0.0	370.033400ms	1100	370.033400ms	0.0	391.990400ms	100	391.990400ms	0.0	191.669100ms	2001	191.669100ms	0.0	191.669100ms	2001	191.669100ms	0.0	
565	265168	617	3072610	3201	75	240044.0	25	301814.0	80	308521.0	0	379587.0	90	349431.0	1.7976931348623157E308	0.0	384.007600ms	1100	384.007600ms	0.0	384.007600ms	1100	384.007600ms	0.0	389.879400ms	100	389.879400ms	1.4890937848333175E-4	189.805600ms	2001	189.805600ms	0.0	189.805600ms	2001	189.805600ms	0.0	
566	265771	602	3075400	2790	75	239958.0	25	301814.0	80	308521.0	0	379587.0	90	349431.0	1.7976931348623157E308	0.0	396.384200ms	1100	396.384200ms	0.0	396.384200ms	1100	396.384200ms	0.0	466.734600ms	100	466.734600ms	0.0	156.914200ms	1590	156.914200ms	2.2532556662302543E-7	156.914200ms	1590	156.914200ms	2.2532556662302543E-7	
567	266336	565	3076742	1342	75	239918.0	25	301814.0	80	308521.0	0	379587.0	90	349431.0	1.7976931348623157E308	0.0	504.424800ms	1100	504.424800ms	0.0	504.424800ms	1100	504.424800ms	0.0	328.266300ms	100	328.266300ms	0.0	22.738800ms	142	22.738800ms	1.173914355200171E-6	22.738800ms	142	22.738800ms	1.173914355200171E-6	
568	266798	461	3077987	1245	75	239777.0	25	301814.0	80	308521.0	0	379587.0	90	349431.0	1.7976931348623157E308	0.0	403.160100ms	1100	403.160100ms	0.0	403.160100ms	1100	403.160100ms	0.0	422.197600ms	100	422.197600ms	0.0	13.578100ms	45	13.578100ms	1.3060017728279879E-5	13.578100ms	45	13.578100ms	1.3060017728279879E-5	
569	267424	626	3080448	2461	75	239668.0	25	301814.0	80	308521.0	0	379587.0	90	349431.0	1.7976931348623157E308	0.0	456.610200ms	1100	456.610200ms	0.0	456.610200ms	1100	456.610200ms	0.0	392.309ms	100	392.309ms	0.0	126.809500ms	1261	126.809500ms	3.6049885461078567E-7	126.809500ms	1261	126.809500ms	3.6049885461078567E-7	
570	268103	678	3083649	3201	75	239668.0	25	301814.0	80	308521.0	0	379587.0	90	349431.0	1.7976931348623157E308	0.0	402.136700ms	1100	402.136700ms	0.0	402.136700ms	1100	402.136700ms	0.0	460.557100ms	100	460.557100ms	0.0	223.842300ms	2001	223.842300ms	0.0	223.842300ms	2001	223.842300ms	0.0	
571	268809	706	3086850	3201	75	239668.0	25	301814.0	80	308521.0	0	379587.0	90	349431.0	1.7976931348623157E308	0.0	438.205200ms	1100	438.205200ms	0.0	438.205200ms	1100	438.205200ms	0.0	418.093900ms	100	418.093900ms	0.0	224.036400ms	2001	224.036400ms	0.0	224.036400ms	2001	224.036400ms	0.0	
572	269465	655	3089885	3035	75	239655.0	25	301814.0	80	308521.0	0	379587.0	90	349431.0	1.7976931348623157E308	0.0	404.694800ms	1100	404.694800ms	0.0	404.694800ms	1100	404.694800ms	0.0	444.172300ms	100	444.172300ms	1.2576788279551222E-4	204.177ms	1835	204.177ms	2.955951009250827E-8	204.177ms	1835	204.177ms	2.955951009250827E-8	
573	269931	466	3091117	1232	75	239645.0	25	301814.0	80	308521.0	0	379587.0	90	349431.0	1.7976931348623157E308	0.0	414.023900ms	1100	414.023900ms	0.0	414.023900ms	1100	414.023900ms	0.0	366.495100ms	100	366.495100ms	0.0	13.527400ms	32	13.527400ms	1.3039577726331464E-6	13.527400ms	32	13.527400ms	1.3039577726331464E-6	
574	270448	517	3092496	1379	75	239644.0	25	301814.0	80	308521.0	0	379587.0	90	349431.0	1.7976931348623157E308	0.0	444.581100ms	1100	444.581100ms	0.0	444.581100ms	1100	444.581100ms	0.0	410.225200ms	100	410.225200ms	0.0	26.989700ms	180	26.989700ms	2.3182438838957136E-8	26.989700ms	180	26.989700ms	2.3182438838957136E-8	
575	271072	623	3094630	2134	75	239451.0	25	301814.0	80	308521.0	0	379587.0	90	349431.0	1.7976931348623157E308	0.0	449.565700ms	1100	449.565700ms	7.056126937447655E-7	449.565700ms	1100	449.565700ms	7.056126937447655E-7	454.870300ms	100	454.870300ms	1.0041006014215426E-4	122.671ms	934	122.671ms	3.1274084395820455E-8	122.671ms	934	122.671ms	3.1274084395820455E-8	
576	271505	433	3095830	1200	75	239451.0	25	301814.0	80	308521.0	0	379587.0	90	349431.0	1.7976931348623157E308	0.0	392.668200ms	1100	392.668200ms	0.0	392.668200ms	1100	392.668200ms	0.0	391.790900ms	100	391.790900ms	5.923872618009219E-4	0s	0	0s	0.0	0s	0	0s	0.0	
577	272057	551	3097321	1491	75	239410.0	25	301814.0	80	308521.0	0	379587.0	90	349431.0	1.7976931348623157E308	0.0	468.819800ms	1100	468.819800ms	0.0	468.819800ms	1100	468.819800ms	0.0	399.969300ms	100	399.969300ms	0.0	39.879200ms	291	39.879200ms	5.884020980928054E-7	39.879200ms	291	39.879200ms	5.884020980928054E-7	
578	272592	535	3098572	1251	75	239230.0	25	301814.0	80	308521.0	0	379587.0	90	349431.0	1.7976931348623157E308	0.0	474.066900ms	1100	474.066900ms	0.0	474.066900ms	1100	474.066900ms	0.0	414.432700ms	100	414.432700ms	0.0	16.729800ms	51	16.729800ms	1.4742123406315718E-5	16.729800ms	51	16.729800ms	1.4742123406315718E-5	
579	273058	465	3099960	1388	75	239221.0	25	301814.0	80	308521.0	0	379587.0	16	349333.0	1.7976931348623157E308	0.0	397.347ms	1100	397.347ms	0.0	397.347ms	1100	397.347ms	0.0	402.198900ms	100	402.198900ms	6.589179674008716E-4	26.798800ms	188	26.798800ms	2.0011010502659656E-7	26.798800ms	188	26.798800ms	2.0011010502659656E-7	
580	273485	427	3101328	1368	75	239061.0	25	301814.0	80	308521.0	0	379587.0	16	349333.0	1.7976931348623157E308	0.0	356.922800ms	1100	356.922800ms	0.0	356.922800ms	1100	356.922800ms	0.0	392.104800ms	100	392.104800ms	4.312508753218491E-4	25.752300ms	168	25.752300ms	3.981176202678233E-6	25.752300ms	168	25.752300ms	3.981176202678233E-6	
581	273940	454	3102742	1414	75	238882.0	25	301814.0	80	308521.0	0	379587.0	5	349127.0	1.7976931348623157E308	0.0	384.271500ms	1100	384.271500ms	0.0	384.271500ms	1100	384.271500ms	0.0	383.003300ms	100	383.003300ms	3.2258064516129005E-4	29.766900ms	215	29.766900ms	3.4826179909515654E-6	29.766900ms	215	29.766900ms	3.4826179909515654E-6	
582	274389	448	3104361	1619	75	238542.0	25	301814.0	80	308521.0	0	379587.0	97	348421.0	1.7976931348623157E308	0.0	361.501900ms	1100	361.501900ms	0.0	361.501900ms	1100	361.501900ms	0.0	388.062900ms	100	388.062900ms	3.202241095844682E-4	46.421200ms	419	46.421200ms	3.3968898755678046E-6	46.421200ms	419	46.421200ms	3.3968898755678046E-6	
583	275002	612	3105667	1306	75	238458.0	25	301814.0	80	308521.0	0	379587.0	84	348095.0	1.7976931348623157E308	0.0	547.031200ms	1100	547.031200ms	0.0	547.031200ms	1100	547.031200ms	0.0	412.635ms	100	412.635ms	3.0732772773344407E-4	20.895500ms	106	20.895500ms	3.3220683577257114E-6	20.895500ms	106	20.895500ms	3.3220683577257114E-6	
584	275406	404	3106965	1298	75	238042.0	25	301814.0	80	308521.0	0	379587.0	84	348095.0	1.7976931348623157E308	0.0	344.148200ms	1100	344.148200ms	0.0	344.148200ms	1100	344.148200ms	0.0	358.771200ms	100	358.771200ms	0.0	18.284800ms	98	18.284800ms	1.7801449140661E-5	18.284800ms	98	18.284800ms	1.7801449140661E-5	
585	275817	411	3108414	1449	75	237826.0	25	301814.0	80	308521.0	0	379587.0	84	348095.0	1.7976931348623157E308	0.0	340.726300ms	1100	340.726300ms	0.0	340.726300ms	1100	340.726300ms	0.0	371.496600ms	100	371.496600ms	0.0	30.815700ms	249	30.815700ms	3.644188334487333E-6	30.815700ms	249	30.815700ms	3.644188334487333E-6	
586	276269	451	3109927	1513	75	237803.0	25	301814.0	80	308521.0	0	379587.0	84	348095.0	1.7976931348623157E308	0.0	376.160900ms	1100	376.160900ms	0.0	376.160900ms	1100	376.160900ms	0.0	374.544600ms	100	374.544600ms	8.552129861640668E-5	35.828ms	313	35.828ms	3.0897558767771756E-7	35.828ms	313	35.828ms	3.0897558767771756E-7	
587	276748	479	3111149	1222	75	237770.0	25	301814.0	80	308521.0	0	379587.0	84	348095.0	1.7976931348623157E308	0.0	408.324100ms	1100	408.324100ms	0.0	408.324100ms	1100	408.324100ms	0.0	432.035600ms	100	432.035600ms	0.0	18.659300ms	22	18.659300ms	6.307742122679816E-6	18.659300ms	22	18.659300ms	6.307742122679816E-6	
588	277355	607	3114350	3201	75	237770.0	25	301814.0	80	308521.0	0	379587.0	84	348095.0	1.7976931348623157E308	0.0	348.940800ms	1100	348.940800ms	0.0	348.940800ms	1100	348.940800ms	0.0	416.464700ms	100	416.464700ms	0.0	213.166600ms	2001	213.166600ms	0.0	213.166600ms	2001	213.166600ms	0.0	
589	277903	548	3117550	3200	75	237770.0	25	301814.0	80	308521.0	0	379587.0	84	348095.0	1.7976931348623157E308	0.0	336.142900ms	1100	336.142900ms	0.0	336.142900ms	1100	336.142900ms	0.0	360.327900ms	100	360.327900ms	0.0	172.516600ms	2001	172.516600ms	0.0	172.516600ms	2001	172.516600ms	0.0	
590	278481	577	3120751	3201	75	237770.0	25	301814.0	80	308521.0	0	379587.0	84	348095.0	1.7976931348623157E308	0.0	352.425400ms	1100	352.425400ms	0.0	352.425400ms	1100	352.425400ms	0.0	371.233900ms	100	371.233900ms	0.0	185.425ms	2001	185.425ms	0.0	185.425ms	2001	185.425ms	0.0	
591	279045	563	3123866	3115	75	237757.0	25	301814.0	80	308521.0	0	379587.0	84	348095.0	1.7976931348623157E308	0.0	344.759100ms	1100	344.759100ms	0.0	344.759100ms	1100	344.759100ms	0.0	368.648ms	100	368.648ms	1.0013061715917315E-4	178.467500ms	1915	178.467500ms	2.8550749671327746E-8	178.467500ms	1915	178.467500ms	2.8550749671327746E-8	
592	279457	412	3125233	1367	75	237665.0	25	301814.0	80	308521.0	62	378765.0	36	347956.0	1.7976931348623157E308	0.0	341.341200ms	1100	341.341200ms	0.0	341.341200ms	1100	341.341200ms	0.0	447.456800ms	100	447.456800ms	0.0017778951158919454	24.280500ms	167	24.280500ms	2.317064076316957E-6	24.280500ms	167	24.280500ms	2.317064076316957E-6	
593	279846	389	3126481	1248	75	237412.0	25	301814.0	80	308521.0	62	378765.0	36	347956.0	1.7976931348623157E308	0.0	335.667600ms	1100	335.667600ms	0.0	335.667600ms	1100	335.667600ms	0.0	362.427500ms	100	362.427500ms	0.0	14.544400ms	48	14.544400ms	2.2177574877803308E-5	14.544400ms	48	14.544400ms	2.2177574877803308E-5	
594	280344	497	3128791	2310	75	237314.0	25	301814.0	80	308521.0	62	378765.0	94	347825.0	1.7976931348623157E308	0.0	358.216800ms	1100	358.216800ms	0.0	358.216800ms	1100	358.216800ms	0.0	354.454600ms	100	354.454600ms	2.839167468650794E-4	101.102900ms	1110	101.102900ms	3.7187795178125634E-7	101.102900ms	1110	101.102900ms	3.7187795178125634E-7	
595	280747	403	3130188	1397	75	237242.0	25	301814.0	80	308521.0	62	378765.0	94	347825.0	1.7976931348623157E308	0.0	335.275600ms	1100	335.275600ms	0.0	335.275600ms	1100	335.275600ms	0.0	394.329ms	100	394.329ms	0.0	26.235300ms	197	26.235300ms	1.540078686898327E-6	26.235300ms	197	26.235300ms	1.540078686898327E-6	
596	281205	458	3131897	1709	75	237237.0	25	301814.0	80	308521.0	62	378765.0	94	347825.0	1.7976931348623157E308	0.0	362.113700ms	1100	362.113700ms	0.0	362.113700ms	1100	362.113700ms	0.0	375.44ms	100	375.44ms	0.0	54.864400ms	509	54.864400ms	4.1405749029182194E-8	54.864400ms	509	54.864400ms	4.1405749029182194E-8	
597	281879	674	3135098	3201	75	237237.0	25	301814.0	80	308521.0	62	378765.0	94	347825.0	1.7976931348623157E308	0.0	414.726500ms	1100	414.726500ms	0.0	414.726500ms	1100	414.726500ms	0.0	404.787500ms	100	404.787500ms	0.0	213.956ms	2001	213.956ms	0.0	213.956ms	2001	213.956ms	0.0	
598	283149	1269	3138299	3201	75	237237.0	25	301814.0	80	308521.0	62	378765.0	94	347825.0	1.7976931348623157E308	0.0	897.021700ms	1100	897.021700ms	0.0	897.021700ms	1100	897.021700ms	0.0	489.235200ms	100	489.235200ms	0.0	312.987100ms	2001	312.987100ms	0.0	312.987100ms	2001	312.987100ms	0.0	
599	284039	890	3140819	2520	75	237130.0	25	301814.0	80	308521.0	62	378765.0	94	347825.0	1.7976931348623157E308	0.0	706.521600ms	1100	706.521600ms	0.0	706.521600ms	1100	706.521600ms	0.0	397.712800ms	100	397.712800ms	0.0	140.155200ms	1320	140.155200ms	3.4168618748595537E-7	140.155200ms	1320	140.155200ms	3.4168618748595537E-7	
600	284756	716	3142251	1432	75	237044.0	25	301814.0	80	308521.0	62	378765.0	94	347825.0	1.7976931348623157E308	0.0	637.995600ms	1100	637.995600ms	0.0	637.995600ms	1100	637.995600ms	0.0	415.668800ms	100	415.668800ms	0.0	30.776400ms	233	30.776400ms	1.556524743585333E-6	30.776400ms	233	30.776400ms	1.556524743585333E-6	
601	285327	571	3143485	1234	75	236989.0	25	301814.0	80	308521.0	62	378765.0	94	347825.0	1.7976931348623157E308	0.0	513.084100ms	1100	513.084100ms	0.0	513.084100ms	1100	513.084100ms	0.0	412.269500ms	100	412.269500ms	0.0	13.200100ms	34	13.200100ms	6.8242480671257105E-6	13.200100ms	34	13.200100ms	6.8242480671257105E-6	
602	285814	487	3144828	1343	75	236947.0	25	301814.0	80	308521.0	62	378765.0	94	347825.0	1.7976931348623157E308	0.0	420.629200ms	1100	420.629200ms	0.0	420.629200ms	1100	420.629200ms	0.0	377.261300ms	100	377.261300ms	0.0	24.639900ms	144	24.639900ms	1.2307181627278014E-6	24.639900ms	144	24.639900ms	1.2307181627278014E-6	
603	286246	431	3146081	1253	75	236945.0	25	301814.0	80	308521.0	62	378765.0	94	347825.0	1.7976931348623157E308	0.0	374.749600ms	1100	374.749600ms	0.0	374.749600ms	1100	374.749600ms	0.0	383.631200ms	100	383.631200ms	0.0	15.517200ms	53	15.517200ms	1.5925860659378639E-7	15.517200ms	53	15.517200ms	1.5925860659378639E-7	
604	286708	462	3147333	1252	75	236904.0	25	301814.0	80	308521.0	62	378765.0	94	347825.0	1.7976931348623157E308	0.0	403.817600ms	1100	403.817600ms	0.0	403.817600ms	1100	403.817600ms	0.0	393.731300ms	100	393.731300ms	0.0	15.759200ms	52	15.759200ms	3.32761416557265E-6	15.759200ms	52	15.759200ms	3.32761416557265E-6	
605	287233	524	3148716	1383	75	236617.0	25	301814.0	80	308521.0	62	378765.0	94	347825.0	1.7976931348623157E308	0.0	456.878100ms	1100	456.878100ms	0.0	456.878100ms	1100	456.878100ms	0.0	367.613600ms	100	367.613600ms	1.0995052226498103E-4	26.233700ms	183	26.233700ms	6.620006462233588E-6	26.233700ms	183	26.233700ms	6.620006462233588E-6	
606	287675	441	3150012	1296	75	236270.0	25	301814.0	80	308521.0	62	378765.0	94	347825.0	1.7976931348623157E308	0.0	380.796500ms	1100	380.796500ms	0.0	380.796500ms	1100	380.796500ms	0.0	396.618900ms	100	396.618900ms	0.0	19.148400ms	96	19.148400ms	1.5276093151942588E-5	19.148400ms	96	19.148400ms	1.5276093151942588E-5	
607	288116	441	3151365	1353	75	236179.0	25	301814.0	80	308521.0	62	378765.0	94	347825.0	1.7976931348623157E308	0.0	376.467900ms	1100	376.467900ms	0.0	376.467900ms	1100	376.467900ms	0.0	395.961100ms	100	395.961100ms	0.0	24.106200ms	153	24.106200ms	2.5173371220637356E-6	24.106200ms	153	24.106200ms	2.5173371220637356E-6	
608	288579	462	3152750	1385	75	235979.0	25	301814.0	80	308521.0	62	378765.0	94	347825.0	1.7976931348623157E308	0.0	392.413900ms	1100	392.413900ms	2.0798324425364002E-7	392.413900ms	1100	392.413900ms	2.0798324425364002E-7	408.355800ms	100	408.355800ms	1.9008403222565696E-4	27.021800ms	185	27.021800ms	3.341487554732571E-6	27.021800ms	185	27.021800ms	3.341487554732571E-6	
609	289039	459	3153950	1200	75	235979.0	25	301814.0	80	308521.0	62	378765.0	94	347825.0	1.7976931348623157E308	0.0	413.277700ms	1100	413.277700ms	0.0	413.277700ms	1100	413.277700ms	0.0	419.554600ms	100	419.554600ms	0.0	0s	0	0s	0.0	0s	0	0s	0.0	
610	289463	424	3155175	1225	75	235363.0	25	301814.0	80	308521.0	62	378765.0	94	347825.0	1.7976931348623157E308	0.0	370.506100ms	1100	370.506100ms	0.0	370.506100ms	1100	370.506100ms	0.0	382.657700ms	100	382.657700ms	0.0	12.768ms	25	12.768ms	1.044160709215669E-4	12.768ms	25	12.768ms	1.044160709215669E-4	
611	290091	627	3158376	3201	75	235363.0	25	301814.0	80	308521.0	62	378765.0	94	347825.0	1.7976931348623157E308	0.0	383.911900ms	1100	383.911900ms	0.0	383.911900ms	1100	383.911900ms	0.0	379.939800ms	100	379.939800ms	0.0	202.965200ms	2001	202.965200ms	0.0	202.965200ms	2001	202.965200ms	0.0	
612	290723	632	3161577	3201	75	235363.0	25	301814.0	80	308521.0	62	378765.0	94	347825.0	1.7976931348623157E308	0.0	362.937400ms	1100	362.937400ms	0.0	362.937400ms	1100	362.937400ms	0.0	387.315100ms	100	387.315100ms	0.0	224.441700ms	2001	224.441700ms	0.0	224.441700ms	2001	224.441700ms	0.0	
613	291315	591	3164778	3201	75	235243.0	25	301814.0	80	308521.0	62	378765.0	92	347809.0	1.7976931348623157E308	0.0	370.574600ms	1100	370.574600ms	4.635006738140657E-7	370.574600ms	1100	370.574600ms	4.635006738140657E-7	388.312300ms	100	388.312300ms	8.828582362376547E-4	179.449700ms	2001	179.449700ms	0.0	179.449700ms	2001	179.449700ms	0.0	
614	291779	464	3165978	1200	75	235243.0	25	301814.0	80	308521.0	62	378765.0	92	347809.0	1.7976931348623157E308	0.0	422.188600ms	1100	422.188600ms	0.0	422.188600ms	1100	422.188600ms	0.0	403.688300ms	100	403.688300ms	0.0	0s	0	0s	0.0	0s	0	0s	0.0	
615	292243	463	3167741	1763	75	235231.0	25	301814.0	80	308521.0	62	378765.0	92	347809.0	1.7976931348623157E308	0.0	361.013300ms	1100	361.013300ms	0.0	361.013300ms	1100	361.013300ms	0.0	413.268200ms	100	413.268200ms	0.0	59.972900ms	563	59.972900ms	9.060582976473931E-8	59.972900ms	563	59.972900ms	9.060582976473931E-8	
616	292746	502	3169878	2137	75	235230.0	25	301814.0	80	308521.0	62	378765.0	92	347809.0	1.7976931348623157E308	0.0	374.462600ms	1100	374.462600ms	0.0	374.462600ms	1100	374.462600ms	0.0	361.785200ms	100	361.785200ms	3.485319106438234E-5	89.036700ms	937	89.036700ms	4.536969443323635E-9	89.036700ms	937	89.036700ms	4.536969443323635E-9	
617	293207	461	3171350	1472	75	235185.0	25	301814.0	80	308521.0	62	378765.0	92	347809.0	1.7976931348623157E308	0.0	386.202500ms	1100	386.202500ms	1.3526988274029347E-7	386.202500ms	1100	386.202500ms	1.3526988274029347E-7	387.562700ms	100	387.562700ms	0.0	34.117600ms	272	34.117600ms	1.5629258973056083E-7	34.117600ms	272	34.117600ms	1.5629258973056083E-7	
618	293642	435	3172550	1200	75	235185.0	25	301814.0	80	308521.0	62	378765.0	92	347809.0	1.7976931348623157E308	0.0	394.294100ms	1100	394.294100ms	0.0	394.294100ms	1100	394.294100ms	0.0	385.580600ms	100	385.580600ms	1.1391536490441556E-5	0s	0	0s	0.0	0s	0	0s	0.0	
619	294156	513	3174136	1586	75	234992.0	25	301814.0	80	308521.0	62	378765.0	92	347809.0	1.7976931348623157E308	0.0	415.913200ms	1100	415.913200ms	0.0	415.913200ms	1100	415.913200ms	0.0	402.421600ms	100	402.421600ms	1.8549320922689905E-4	55.456800ms	386	55.456800ms	2.125985925973189E-6	55.456800ms	386	55.456800ms	2.125985925973189E-6	
620	294630	474	3175824	1688	75	234934.0	25	301814.0	80	308521.0	62	378765.0	92	347809.0	1.7976931348623157E308	0.0	380.004800ms	1100	380.004800ms	0.0	380.004800ms	1100	380.004800ms	0.0	399.435300ms	100	399.435300ms	0.0	51.968400ms	488	51.968400ms	5.057723625331356E-7	51.968400ms	488	51.968400ms	5.057723625331356E-7	
621	295108	477	3177390	1566	75	234524.0	25	301814.0	80	308521.0	62	378765.0	64	347660.0	1.7976931348623157E308	0.0	391.840600ms	1100	391.840600ms	0.0	391.840600ms	1100	391.840600ms	0.0	422.247700ms	100	422.247700ms	2.5205589545354237E-4	40.758500ms	366	40.758500ms	4.768226732763272E-6	40.758500ms	366	40.758500ms	4.768226732763272E-6	
622	295618	509	3178751	1361	75	234413.0	25	301814.0	80	308521.0	62	378765.0	64	347660.0	1.7976931348623157E308	0.0	448.021800ms	1100	448.021800ms	3.1024214011233684E-8	448.021800ms	1100	448.021800ms	3.1024214011233684E-8	338.236400ms	100	338.236400ms	0.0	24.049100ms	162	24.049100ms	2.7110337071504737E-6	24.049100ms	162	24.049100ms	2.7110337071504737E-6	
623	296055	437	3179951	1200	75	234413.0	25	301814.0	80	308521.0	62	378765.0	64	347660.0	1.7976931348623157E308	0.0	395.596300ms	1100	395.596300ms	0.0	395.596300ms	1100	395.596300ms	0.0	372.38ms	100	372.38ms	0.0	0s	0	0s	0.0	0s	0	0s	0.0	
624	296483	428	3181192	1241	75	234356.0	25	301814.0	80	308521.0	62	378765.0	64	347660.0	1.7976931348623157E308	0.0	368.140200ms	1100	368.140200ms	0.0	368.140200ms	1100	368.140200ms	0.0	435.514500ms	100	435.514500ms	0.0	14.208600ms	41	14.208600ms	5.930745745497394E-6	14.208600ms	41	14.208600ms	5.930745745497394E-6	
625	296967	483	3182627	1435	75	234308.0	25	301814.0	80	308521.0	62	378765.0	64	347660.0	1.7976931348623157E308	0.0	408.989600ms	1100	408.989600ms	0.0	408.989600ms	1100	408.989600ms	0.0	403.481300ms	100	403.481300ms	0.0	31.325200ms	235	31.325200ms	8.715600161674061E-7	31.325200ms	235	31.325200ms	8.715600161674061E-7	
626	297417	449	3183963	1336	75	234213.0	25	301814.0	80	308521.0	62	378765.0	64	347660.0	1.7976931348623157E308	0.0	375.185500ms	1100	375.185500ms	0.0	375.185500ms	1100	375.185500ms	0.0	367.743100ms	100	367.743100ms	0.0	33.008500ms	136	33.008500ms	2.9812443952605047E-6	33.008500ms	136	33.008500ms	2.9812443952605047E-6	
627	297844	427	3185421	1458	75	233969.0	25	301814.0	80	308521.0	62	378765.0	64	347660.0	1.7976931348623157E308	0.0	358.037300ms	1100	358.037300ms	0.0	358.037300ms	1100	358.037300ms	0.0	333.904600ms	100	333.904600ms	0.0	32.022ms	258	32.022ms	4.0379331382482125E-6	32.022ms	258	32.022ms	4.0379331382482125E-6	
628	298323	479	3187254	1833	75	233841.0	25	301814.0	80	308521.0	62	378765.0	64	347660.0	1.7976931348623157E308	0.0	373.929600ms	1100	373.929600ms	0.0	373.929600ms	1100	373.929600ms	0.0	358.832800ms	100	358.832800ms	0.0	65.899500ms	633	65.899500ms	8.642670198331524E-7	65.899500ms	633	65.899500ms	8.642670198331524E-7	
629	298750	426	3188464	1210	75	233665.0	25	301814.0	80	308521.0	62	378765.0	64	347660.0	1.7976931348623157E308	0.0	375.583400ms	1100	375.583400ms	0.0	375.583400ms	1100	375.583400ms	0.0	385.847300ms	100	385.847300ms	8.985482675737843E-5	11.047100ms	10	11.047100ms	7.526481669168916E-5	11.047100ms	10	11.047100ms	7.526481669168916E-5	
630	299173	422	3189723	1259	75	233649.0	25	301814.0	80	308521.0	62	378765.0	64	347660.0	1.7976931348623157E308	0.0	361.949700ms	1100	361.949700ms	0.0	361.949700ms	1100	361.949700ms	0.0	398.243800ms	100	398.243800ms	0.0	15.313600ms	60	15.313600ms	1.1412349588790783E-6	15.313600ms	60	15.313600ms	1.1412349588790783E-6	
631	299743	570	3192924	3201	75	233649.0	25	301814.0	80	308521.0	62	378765.0	64	347660.0	1.7976931348623157E308	0.0	347.725800ms	1100	347.725800ms	0.0	347.725800ms	1100	347.725800ms	0.0	376.072600ms	100	376.072600ms	0.0	181.976100ms	2001	181.976100ms	0.0	181.976100ms	2001	181.976100ms	0.0	
632	300332	588	3196125	3201	75	233649.0	25	301814.0	80	308521.0	62	378765.0	64	347660.0	1.7976931348623157E308	0.0	363.392800ms	1100	363.392800ms	0.0	363.392800ms	1100	363.392800ms	0.0	448.285100ms	100	448.285100ms	0.0	179.619900ms	2001	179.619900ms	0.0	179.619900ms	2001	179.619900ms	0.0	
633	300805	472	3198173	2048	75	233632.0	25	301814.0	80	308521.0	62	378765.0	64	347660.0	1.7976931348623157E308	0.0	349.660600ms	1100	349.660600ms	0.0	349.660600ms	1100	349.660600ms	0.0	371.149ms	100	371.149ms	0.0	83.162ms	848	83.162ms	8.580036640997535E-8	83.162ms	848	83.162ms	8.580036640997535E-8	
634	301229	424	3199449	1276	75	233630.0	25	301814.0	80	308521.0	62	378765.0	64	347660.0	1.7976931348623157E308	0.0	372.381900ms	1100	372.381900ms	0.0	372.381900ms	1100	372.381900ms	0.0	315.167600ms	100	315.167600ms	0.0	16.712ms	76	16.712ms	1.1263777853122217E-7	16.712ms	76	16.712ms	1.1263777853122217E-7	
635	301763	533	3200853	1404	75	233536.0	25	301814.0	80	308521.0	62	378765.0	64	347660.0	1.7976931348623157E308	0.0	464.564300ms	1100	464.564300ms	0.0	464.564300ms	1100	464.564300ms	0.0	375.195100ms	100	375.195100ms	0.0	28.56ms	204	28.56ms	1.9722822998995545E-6	28.56ms	204	28.56ms	1.9722822998995545E-6	
636	302204	440	3202244	1391	75	233312.0	25	301814.0	80	308521.0	62	378765.0	64	347660.0	1.7976931348623157E308	0.0	370.519600ms	1100	370.519600ms	0.0	370.519600ms	1100	370.519600ms	0.0	416.083100ms	100	416.083100ms	0.0	27.090200ms	191	27.090200ms	5.021816204396442E-6	27.090200ms	191	27.090200ms	5.021816204396442E-6	
637	302645	440	3203508	1264	75	233241.0	25	301814.0	80	308521.0	62	378765.0	64	347660.0	1.7976931348623157E308	0.0	379.611600ms	1100	379.611600ms	0.0	379.611600ms	1100	379.611600ms	0.0	430.551400ms	100	430.551400ms	0.0	15.517400ms	64	15.517400ms	4.754899019339051E-6	15.517400ms	64	15.517400ms	4.754899019339051E-6	
638	303089	444	3204727	1219	75	233151.0	25	301814.0	80	308521.0	62	378765.0	64	347660.0	1.7976931348623157E308	0.0	391.695400ms	1100	391.695400ms	0.0	391.695400ms	1100	391.695400ms	0.0	374.376700ms	100	374.376700ms	0.0	11.278ms	19	11.278ms	2.03087883573775E-5	11.278ms	19	11.278ms	2.03087883573775E-5	
639	303503	413	3205940	1213	75	232741.0	25	301814.0	80	308521.0	62	378765.0	64	347660.0	1.7976931348623157E308	0.0	363.324ms	1100	363.324ms	1.4624010831907543E-6	363.324ms	1100	363.324ms	1.4624010831907543E-6	370.504400ms	100	370.504400ms	0.0	10.770700ms	13	10.770700ms	1.1547485073225817E-5	10.770700ms	13	10.770700ms	1.1547485073225817E-5	
640	303918	414	3207140	1200	75	232741.0	25	301814.0	80	308521.0	62	378765.0	64	347660.0	1.7976931348623157E308	0.0	371.940900ms	1100	371.940900ms	0.0	371.940900ms	1100	371.940900ms	0.0	404.294100ms	100	404.294100ms	2.713574843538746E-4	0s	0	0s	0.0	0s	0	0s	0.0	
641	304364	445	3208595	1455	75	232445.0	25	301814.0	80	308521.0	62	378765.0	64	347660.0	1.7976931348623157E308	0.0	370.582600ms	1100	370.582600ms	0.0	370.582600ms	1100	370.582600ms	0.0	386.371800ms	100	386.371800ms	0.0	33.891300ms	255	33.891300ms	4.987450916364248E-6	33.891300ms	255	33.891300ms	4.987450916364248E-6	
642	304809	445	3209799	1204	75	232240.0	25	301814.0	80	308521.0	62	378765.0	64	347660.0	1.7976931348623157E308	0.0	392.842900ms	1100	392.842900ms	0.0	392.842900ms	1100	392.842900ms	0.0	380.654100ms	100	380.654100ms	0.0	10.870500ms	4	10.870500ms	2.2048226462173526E-4	10.870500ms	4	10.870500ms	2.2048226462173526E-4	
643	305287	477	3211269	1470	75	232193.0	25	301814.0	80	308521.0	62	378765.0	64	347660.0	1.7976931348623157E308	0.0	403.030100ms	1100	403.030100ms	0.0	403.030100ms	1100	403.030100ms	0.0	383.081900ms	100	383.081900ms	0.0	33.804600ms	270	33.804600ms	7.495438945663106E-7	33.804600ms	270	33.804600ms	7.495438945663106E-7	
644	305698	411	3212543	1274	75	232069.0	25	301814.0	80	308521.0	62	378765.0	64	347660.0	1.7976931348623157E308	0.0	353.654600ms	1100	353.654600ms	0.0	353.654600ms	1100	353.654600ms	0.0	385.802300ms	100	385.802300ms	0.0	16.551600ms	74	16.551600ms	7.216736403231766E-6	16.551600ms	74	16.551600ms	7.216736403231766E-6	
645	306150	452	3213830	1287	75	232032.0	25	301814.0	80	308521.0	62	378765.0	64	347660.0	1.7976931348623157E308	0.0	383.498500ms	1100	383.498500ms	0.0	383.498500ms	1100	383.498500ms	0.0	375.132500ms	100	375.132500ms	0.0	28.088900ms	87	28.088900ms	1.8325901189809628E-6	28.088900ms	87	28.088900ms	1.8325901189809628E-6	
646	306616	465	3215337	1507	75	231920.0	25	301814.0	80	308521.0	62	378765.0	64	347660.0	1.7976931348623157E308	0.0	377.013ms	1100	377.013ms	0.0	377.013ms	1100	377.013ms	0.0	408.089500ms	100	408.089500ms	0.0	47.228100ms	307	47.228100ms	1.5722867833122547E-6	47.228100ms	307	47.228100ms	1.5722867833122547E-6	
647	307056	440	3216637	1300	75	231875.0	25	301814.0	80	308521.0	62	378765.0	64	347660.0	1.7976931348623157E308	0.0	378.407900ms	1100	378.407900ms	0.0	378.407900ms	1100	378.407900ms	0.0	389.645ms	100	389.645ms	0.0	19.453600ms	100	19.453600ms	1.940324249741776E-6	19.453600ms	100	19.453600ms	1.940324249741776E-6	
648	307564	508	3218534	1897	75	231693.0	25	301814.0	80	308521.0	62	378765.0	10	347136.0	1.7976931348623157E308	0.0	397.752ms	1100	397.752ms	3.961197520996329E-7	397.752ms	1100	397.752ms	3.961197520996329E-7	356.923300ms	100	356.923300ms	2.1944677428127336E-4	72.059700ms	698	72.059700ms	5.004672572386943E-7	72.059700ms	698	72.059700ms	5.004672572386943E-7	
649	308042	477	3219734	1200	75	231693.0	25	301814.0	80	308521.0	62	378765.0	10	347136.0	1.7976931348623157E308	0.0	430.853300ms	1100	430.853300ms	0.0	430.853300ms	1100	430.853300ms	0.0	417.366400ms	100	417.366400ms	9.008283379062376E-4	0s	0	0s	0.0	0s	0	0s	0.0	
650	308480	437	3221120	1386	75	231683.0	25	301814.0	80	308521.0	62	378765.0	10	347136.0	1.7976931348623157E308	0.0	370.959500ms	1100	370.959500ms	0.0	370.959500ms	1100	370.959500ms	0.0	377.281500ms	100	377.281500ms	0.0	26.75ms	186	26.75ms	2.3204603013574644E-7	26.75ms	186	26.75ms	2.3204603013574644E-7	
651	308946	466	3222600	1480	75	231585.0	25	301814.0	80	308521.0	62	378765.0	10	347136.0	1.7976931348623157E308	0.0	388.874200ms	1100	388.874200ms	0.0	388.874200ms	1100	388.874200ms	0.0	411.766900ms	100	411.766900ms	3.321242844032679E-5	34.990100ms	280	34.990100ms	1.5106848581898052E-6	34.990100ms	280	34.990100ms	1.5106848581898052E-6	
652	309481	534	3223944	1344	75	231583.0	25	301814.0	80	308521.0	62	378765.0	10	347136.0	1.7976931348623157E308	0.0	467.408500ms	1100	467.408500ms	0.0	467.408500ms	1100	467.408500ms	0.0	408.037200ms	100	408.037200ms	2.600180254174922E-4	24.113700ms	144	24.113700ms	5.997317999393663E-8	24.113700ms	144	24.113700ms	5.997317999393663E-8	
653	310019	537	3226127	2183	75	231544.0	25	301814.0	80	308521.0	62	378765.0	10	347136.0	1.7976931348623157E308	0.0	379.294300ms	1100	379.294300ms	0.0	379.294300ms	1100	379.294300ms	0.0	389.846800ms	100	389.846800ms	7.64262688362849E-4	114.635800ms	983	114.635800ms	1.713185593098027E-7	114.635800ms	983	114.635800ms	1.713185593098027E-7	
654	310516	497	3227523	1396	75	231520.0	25	301814.0	80	308521.0	62	378765.0	10	347136.0	1.7976931348623157E308	0.0	417.523800ms	1100	417.523800ms	0.0	417.523800ms	1100	417.523800ms	0.0	405.468100ms	100	405.468100ms	0.0	37.988500ms	196	37.988500ms	5.288367636036245E-7	37.988500ms	196	37.988500ms	5.288367636036245E-7	
655	310950	434	3228837	1314	75	231442.0	25	301814.0	80	308521.0	62	378765.0	10	347136.0	1.7976931348623157E308	0.0	370.504800ms	1100	370.504800ms	0.0	370.504800ms	1100	370.504800ms	0.0	398.044800ms	100	398.044800ms	0.0	20.400800ms	114	20.400800ms	2.955297712144802E-6	20.400800ms	114	20.400800ms	2.955297712144802E-6	
656	311409	458	3230096	1259	75	231009.0	25	301814.0	80	308521.0	62	378765.0	10	347136.0	1.7976931348623157E308	0.0	396.442ms	1100	396.442ms	0.0	396.442ms	1100	396.442ms	0.0	414.945600ms	100	414.945600ms	0.0	16.338100ms	59	16.338100ms	3.170981520574219E-5	16.338100ms	59	16.338100ms	3.170981520574219E-5	
657	311864	455	3231436	1340	75	231005.0	25	301814.0	80	308521.0	62	378765.0	10	347136.0	1.7976931348623157E308	0.0	390.623ms	1100	390.623ms	0.0	390.623ms	1100	390.623ms	0.0	397.745800ms	100	397.745800ms	0.0	23.297800ms	140	23.297800ms	1.236810192301834E-7	23.297800ms	140	23.297800ms	1.236810192301834E-7	
658	312284	419	3232717	1281	75	231001.0	25	301814.0	80	308521.0	62	378765.0	10	347136.0	1.7976931348623157E308	0.0	362.827900ms	1100	362.827900ms	0.0	362.827900ms	1100	362.827900ms	0.0	379.176ms	100	379.176ms	0.0	16.790900ms	81	16.790900ms	2.1377336442730392E-7	16.790900ms	81	16.790900ms	2.1377336442730392E-7	
659	312794	510	3233951	1234	75	230952.0	25	301814.0	80	308521.0	62	378765.0	10	347136.0	1.7976931348623157E308	0.0	453.534400ms	1100	453.534400ms	0.0	453.534400ms	1100	453.534400ms	0.0	420.105100ms	100	420.105100ms	0.0	13.127500ms	34	13.127500ms	6.238832172104015E-6	13.127500ms	34	13.127500ms	6.238832172104015E-6	
660	313415	621	3237148	3197	75	230860.0	25	301814.0	80	308521.0	62	378765.0	10	347136.0	1.7976931348623157E308	0.0	387.916200ms	1100	387.916200ms	0.0	387.916200ms	1100	387.916200ms	0.0	393.767900ms	100	393.767900ms	6.327552944271453E-5	189.864400ms	1997	189.864400ms	1.994747984667293E-7	189.864400ms	1997	189.864400ms	1.994747984667293E-7	
661	313836	421	3238452	1304	75	230856.0	25	301814.0	80	308521.0	62	378765.0	63	346731.0	1.7976931348623157E308	0.0	361.125500ms	1100	361.125500ms	0.0	361.125500ms	1100	361.125500ms	0.0	392.069600ms	100	392.069600ms	2.1740817940056113E-4	19.142900ms	104	19.142900ms	1.6660113688615752E-7	19.142900ms	104	19.142900ms	1.6660113688615752E-7	
662	314250	413	3239671	1219	75	230817.0	25	301814.0	80	308521.0	62	378765.0	63	346731.0	1.7976931348623157E308	0.0	364.083800ms	1100	364.083800ms	0.0	364.083800ms	1100	364.083800ms	0.0	343.297300ms	100	343.297300ms	0.0	12.018800ms	19	12.018800ms	8.89139367808346E-6	12.018800ms	19	12.018800ms	8.89139367808346E-6	
663	314764	513	3241027	1356	75	230776.0	25	301814.0	80	308521.0	62	378765.0	63	346731.0	1.7976931348623157E308	0.0	430.755500ms	1100	430.755500ms	0.0	430.755500ms	1100	430.755500ms	0.0	422.154400ms	100	422.154400ms	0.0	33.644800ms	156	33.644800ms	1.1386531876786897E-6	33.644800ms	156	33.644800ms	1.1386531876786897E-6	
664	315204	440	3242449	1422	75	230756.0	25	301814.0	80	308521.0	62	378765.0	63	346731.0	1.7976931348623157E308	0.0	372.502400ms	1100	372.502400ms	0.0	372.502400ms	1100	372.502400ms	0.0	350.980700ms	100	350.980700ms	1.7730690511891245E-5	29.976ms	222	29.976ms	3.9037893927461607E-7	29.976ms	222	29.976ms	3.9037893927461607E-7	
665	315708	504	3243875	1426	75	230750.0	25	301814.0	80	308521.0	62	378765.0	63	346731.0	1.7976931348623157E308	0.0	434.164900ms	1100	434.164900ms	0.0	434.164900ms	1100	434.164900ms	0.0	371.836500ms	100	371.836500ms	1.5765963782810255E-4	29.737100ms	226	29.737100ms	1.150508440361011E-7	29.737100ms	226	29.737100ms	1.150508440361011E-7	
666	316223	515	3245560	1685	75	230644.0	25	301814.0	80	308521.0	62	378765.0	63	346731.0	1.7976931348623157E308	0.0	425.998300ms	1100	425.998300ms	0.0	425.998300ms	1100	425.998300ms	0.0	330.864ms	100	330.864ms	0.0	52.306300ms	485	52.306300ms	9.471579676313551E-7	52.306300ms	485	52.306300ms	9.471579676313551E-7	
667	316683	459	3246842	1282	75	230643.0	25	301814.0	80	308521.0	62	378765.0	63	346731.0	1.7976931348623157E308	0.0	398.738600ms	1100	398.738600ms	0.0	398.738600ms	1100	398.738600ms	0.0	396.447500ms	100	396.447500ms	0.0	17.041500ms	82	17.041500ms	5.28742215322717E-8	17.041500ms	82	17.041500ms	5.28742215322717E-8	
668	317110	427	3248142	1300	75	230596.0	25	301814.0	80	308521.0	62	378765.0	63	346731.0	1.7976931348623157E308	0.0	361.160400ms	1100	361.160400ms	0.0	361.160400ms	1100	361.160400ms	0.0	423.911600ms	100	423.911600ms	0.0	18.938800ms	100	18.938800ms	2.037781333056321E-6	18.938800ms	100	18.938800ms	2.037781333056321E-6	
669	317551	440	3249536	1394	75	230562.0	25	301814.0	80	308521.0	62	378765.0	63	346731.0	1.7976931348623157E308	0.0	371.992700ms	1100	371.992700ms	0.0	371.992700ms	1100	371.992700ms	0.0	379.803400ms	100	379.803400ms	0.0	27.044200ms	194	27.044200ms	7.600206940220905E-7	27.044200ms	194	27.044200ms	7.600206940220905E-7	
670	318216	665	3252737	3201	75	230535.0	25	301814.0	80	308521.0	62	378765.0	63	346731.0	1.7976931348623157E308	0.0	413.698600ms	1100	413.698600ms	1.0645923675823742E-7	413.698600ms	1100	413.698600ms	1.0645923675823742E-7	385.250500ms	100	385.250500ms	0.0	210.976900ms	2001	210.976900ms	0.0	210.976900ms	2001	210.976900ms	0.0	
671	318657	440	3253937	1200	75	230535.0	25	301814.0	80	308521.0	62	378765.0	48	345824.0	1.7976931348623157E308	0.0	399.305400ms	1100	399.305400ms	0.0	399.305400ms	1100	399.305400ms	0.0	379.214500ms	100	379.214500ms	8.896231166783463E-4	0s	0	0s	0.0	0s	0	0s	0.0	
672	319274	616	3257138	3201	75	230535.0	25	301814.0	80	308521.0	62	378765.0	48	345824.0	1.7976931348623157E308	0.0	380.320200ms	1100	380.320200ms	0.0	380.320200ms	1100	380.320200ms	0.0	411.721500ms	100	411.721500ms	0.0	193.385600ms	2001	193.385600ms	0.0	193.385600ms	2001	193.385600ms	0.0	
673	319743	469	3258768	1630	75	230521.0	25	301814.0	80	308521.0	62	378765.0	48	345824.0	1.7976931348623157E308	0.0	371.207100ms	1100	371.207100ms	0.0	371.207100ms	1100	371.207100ms	0.0	423.871800ms	100	423.871800ms	0.0	50.953600ms	430	50.953600ms	1.4122861836559617E-7	50.953600ms	430	50.953600ms	1.4122861836559617E-7	
674	320354	610	3261969	3201	75	230521.0	25	301814.0	80	308521.0	62	378765.0	48	345824.0	1.7976931348623157E308	0.0	363.105800ms	1100	363.105800ms	0.0	363.105800ms	1100	363.105800ms	0.0	348.348200ms	100	348.348200ms	0.0	209.445200ms	2001	209.445200ms	0.0	209.445200ms	2001	209.445200ms	0.0	
675	320983	628	3265170	3201	75	230521.0	25	301814.0	80	308521.0	62	378765.0	48	345824.0	1.7976931348623157E308	0.0	357.104400ms	1100	357.104400ms	0.0	357.104400ms	1100	357.104400ms	0.0	468.067400ms	100	468.067400ms	0.0	223.944800ms	2001	223.944800ms	0.0	223.944800ms	2001	223.944800ms	0.0	
676	321437	454	3266743	1573	75	230435.0	25	301814.0	80	308521.0	62	378765.0	48	345824.0	1.7976931348623157E308	0.0	371.350900ms	1100	371.350900ms	0.0	371.350900ms	1100	371.350900ms	0.0	395.329700ms	100	395.329700ms	0.0	42.074400ms	373	42.074400ms	1.0001822076123016E-6	42.074400ms	373	42.074400ms	1.0001822076123016E-6	
677	321923	485	3268653	1910	75	230430.0	25	301814.0	80	308521.0	62	378765.0	19	345431.0	1.7976931348623157E308	0.0	363.466900ms	1100	363.466900ms	0.0	363.466900ms	1100	363.466900ms	0.0	373.447800ms	100	373.447800ms	3.9907650781884405E-4	82.155800ms	710	82.155800ms	3.056069399671172E-8	82.155800ms	710	82.155800ms	3.056069399671172E-8	
678	322387	464	3270143	1490	75	230416.0	25	301814.0	80	308521.0	62	378765.0	17	345004.0	1.7976931348623157E308	0.0	383.332100ms	1100	383.332100ms	0.0	383.332100ms	1100	383.332100ms	0.0	403.120900ms	100	403.120900ms	6.476124107450576E-4	35.316600ms	291	35.316600ms	2.0878342939620807E-7	35.316600ms	291	35.316600ms	2.0878342939620807E-7	
679	322813	425	3271398	1255	75	230406.0	25	301814.0	80	308521.0	62	378765.0	17	345004.0	1.7976931348623157E308	0.0	368.729200ms	1100	368.729200ms	0.0	368.729200ms	1100	368.729200ms	0.0	388.244600ms	100	388.244600ms	1.6442224692018504E-4	15.356ms	55	15.356ms	7.890866164604983E-7	15.356ms	55	15.356ms	7.890866164604983E-7	
680	323301	488	3273108	1710	75	230405.0	25	301814.0	80	308521.0	62	378765.0	17	345004.0	1.7976931348623157E308	0.0	394.678100ms	1100	394.678100ms	0.0	394.678100ms	1100	394.678100ms	0.0	380.293ms	100	380.293ms	0.0	53.550700ms	510	53.550700ms	8.510126966084404E-9	53.550700ms	510	53.550700ms	8.510126966084404E-9	
681	323708	406	3274381	1273	75	230404.0	25	301814.0	80	308521.0	62	378765.0	17	345004.0	1.7976931348623157E308	0.0	350.170400ms	1100	350.170400ms	0.0	350.170400ms	1100	350.170400ms	0.0	362.947100ms	100	362.947100ms	0.0	16.669200ms	73	16.669200ms	5.945456972254908E-8	16.669200ms	73	16.669200ms	5.945456972254908E-8	
682	324169	461	3275881	1500	75	230382.0	25	301814.0	80	308521.0	62	378765.0	17	345004.0	1.7976931348623157E308	0.0	369.110800ms	1100	369.110800ms	0.0	369.110800ms	1100	369.110800ms	0.0	410.399400ms	100	410.399400ms	0.0	48.543200ms	300	48.543200ms	3.1828151131637246E-7	48.543200ms	300	48.543200ms	3.1828151131637246E-7	
683	324620	450	3277093	1212	75	230350.0	25	301814.0	80	308521.0	62	378765.0	17	345004.0	1.7976931348623157E308	0.0	397.687600ms	1100	397.687600ms	0.0	397.687600ms	1100	397.687600ms	0.0	362.461900ms	100	362.461900ms	0.0	11.235500ms	12	11.235500ms	1.1574978369260913E-5	11.235500ms	12	11.235500ms	1.1574978369260913E-5	
684	325039	418	3278337	1244	75	230313.0	25	301814.0	80	308521.0	62	378765.0	8	344978.0	1.7976931348623157E308	0.0	366.303300ms	1100	366.303300ms	0.0	366.303300ms	1100	366.303300ms	0.0	368.745400ms	100	368.745400ms	4.301311953764142E-4	13.665400ms	44	13.665400ms	3.650571265072107E-6	13.665400ms	44	13.665400ms	3.650571265072107E-6	
685	325675	636	3281538	3201	75	230313.0	25	301814.0	80	308521.0	62	378765.0	8	344978.0	1.7976931348623157E308	0.0	360.873400ms	1100	360.873400ms	0.0	360.873400ms	1100	360.873400ms	0.0	394.678700ms	100	394.678700ms	0.0	234.284500ms	2001	234.284500ms	0.0	234.284500ms	2001	234.284500ms	0.0	
686	326262	587	3284738	3200	75	230313.0	25	301814.0	80	308521.0	62	378765.0	8	344978.0	1.7976931348623157E308	0.0	358.148100ms	1100	358.148100ms	0.0	358.148100ms	1100	358.148100ms	0.0	317.429900ms	100	317.429900ms	0.0	194.491900ms	2001	194.491900ms	0.0	194.491900ms	2001	194.491900ms	0.0	
687	326819	556	3287659	2921	75	230294.0	25	301814.0	80	308521.0	62	378765.0	8	344978.0	1.7976931348623157E308	0.0	360.275100ms	1100	360.275100ms	0.0	360.275100ms	1100	360.275100ms	0.0	355.363300ms	100	355.363300ms	0.0	156.676600ms	1721	156.676600ms	4.793517069901485E-8	156.676600ms	1721	156.676600ms	4.793517069901485E-8	
688	327302	483	3289663	2004	75	230278.0	25	301814.0	80	308521.0	62	378765.0	8	344978.0	1.7976931348623157E308	0.0	361.589700ms	1100	361.589700ms	0.0	361.589700ms	1100	361.589700ms	0.0	369.628900ms	100	369.628900ms	0.0	81.381300ms	804	81.381300ms	8.641344330477012E-8	81.381300ms	804	81.381300ms	8.641344330477012E-8	
689	327753	450	3291341	1678	75	230111.0	25	301814.0	80	308521.0	62	378765.0	8	344978.0	1.7976931348623157E308	0.0	348.454800ms	1100	348.454800ms	0.0	348.454800ms	1100	348.454800ms	0.0	363.917800ms	100	363.917800ms	0.0	62.974500ms	478	62.974500ms	1.5171765645750674E-6	62.974500ms	478	62.974500ms	1.5171765645750674E-6	
690	328156	403	3292545	1204	75	230036.0	25	301814.0	80	308521.0	62	378765.0	8	344978.0	1.7976931348623157E308	0.0	352.560300ms	1100	352.560300ms	0.0	352.560300ms	1100	352.560300ms	0.0	380.966200ms	100	380.966200ms	0.0	9.881700ms	4	9.881700ms	8.148241500841036E-5	9.881700ms	4	9.881700ms	8.148241500841036E-5	
691	328603	446	3293821	1276	75	229917.0	25	301814.0	80	308521.0	62	378765.0	8	344978.0	1.7976931348623157E308	0.0	390.767600ms	1100	390.767600ms	0.0	390.767600ms	1100	390.767600ms	0.0	358.981300ms	100	358.981300ms	0.0	16.996500ms	76	16.996500ms	6.806714921508972E-6	16.996500ms	76	16.996500ms	6.806714921508972E-6	
692	329234	631	3297022	3201	75	229134.0	25	301814.0	80	308521.0	62	378765.0	8	344978.0	1.7976931348623157E308	0.0	348.908700ms	1100	348.908700ms	3.0959789046403063E-6	348.908700ms	1100	348.908700ms	3.0959789046403063E-6	367.725800ms	100	367.725800ms	1.296693954833761E-4	241.729600ms	2001	241.729600ms	0.0	241.729600ms	2001	241.729600ms	0.0	
693	329646	412	3298222	1200	75	229134.0	25	301814.0	80	308521.0	62	375010.0	8	344978.0	1.7976931348623157E308	0.0	371.880100ms	1100	371.880100ms	0.0	371.880100ms	1100	371.880100ms	0.0	363.426400ms	100	363.426400ms	9.913798793447115E-5	0s	0	0s	0.0	0s	0	0s	0.0	
694	330075	428	3299437	1215	75	229114.0	25	301814.0	80	308521.0	62	375010.0	8	344978.0	1.7976931348623157E308	0.0	372.311700ms	1100	372.311700ms	0.0	372.311700ms	1100	372.311700ms	0.0	419.869ms	100	419.869ms	0.0	11.934600ms	15	11.934600ms	5.819011291789226E-6	11.934600ms	15	11.934600ms	5.819011291789226E-6	
695	330556	481	3301458	2021	75	229102.0	25	301814.0	80	308521.0	34	370088.0	67	344879.0	1.7976931348623157E308	0.0	360.846100ms	1100	360.846100ms	0.0	360.846100ms	1100	360.846100ms	0.0	376.65ms	100	376.65ms	9.782139142956192E-4	80.798600ms	821	80.798600ms	6.3794973502649E-8	80.798600ms	821	80.798600ms	6.3794973502649E-8	
696	331031	474	3303477	2019	75	229084.0	25	301814.0	80	308521.0	34	370088.0	67	344879.0	1.7976931348623157E308	0.0	353.869600ms	1100	353.869600ms	0.0	353.869600ms	1100	353.869600ms	0.0	372.497800ms	100	372.497800ms	0.0	81.032500ms	819	81.032500ms	9.593116593487253E-8	81.032500ms	819	81.032500ms	9.593116593487253E-8	
697	331576	544	3306158	2681	75	229083.0	25	301814.0	80	308521.0	34	370088.0	89	344712.0	1.7976931348623157E308	0.0	360.329700ms	1100	360.329700ms	0.0	360.329700ms	1100	360.329700ms	0.0	379.147900ms	100	379.147900ms	3.4631753629405513E-4	143.526700ms	1481	143.526700ms	2.9474753641615802E-9	143.526700ms	1481	143.526700ms	2.9474753641615802E-9	
698	332012	436	3307480	1322	75	229031.0	25	301814.0	80	308521.0	34	370088.0	89	344712.0	1.7976931348623157E308	0.0	376.642500ms	1100	376.642500ms	0.0	376.642500ms	1100	376.642500ms	0.0	366.895700ms	100	366.895700ms	0.0	21.215600ms	122	21.215600ms	1.8605898656673984E-6	21.215600ms	122	21.215600ms	1.8605898656673984E-6	
699	332595	583	3310681	3201	75	229031.0	25	301814.0	80	308521.0	34	370088.0	89	344712.0	1.7976931348623157E308	0.0	361.502800ms	1100	361.502800ms	0.0	361.502800ms	1100	361.502800ms	0.0	388.387900ms	100	388.387900ms	1.8387773177847567E-4	181.541900ms	2001	181.541900ms	0.0	181.541900ms	2001	181.541900ms	0.0	
700	333210	614	3313882	3201	75	229031.0	25	301814.0	80	308521.0	34	370088.0	89	344712.0	1.7976931348623157E308	0.0	354.092200ms	1100	354.092200ms	0.0	354.092200ms	1100	354.092200ms	0.0	457.140700ms	100	457.140700ms	2.7532999851998305E-4	213.006ms	2001	213.006ms	0.0	213.006ms	2001	213.006ms	0.0	
701	333674	463	3315690	1808	75	228945.0	25	301814.0	80	308521.0	34	370088.0	39	344467.0	1.7976931348623157E308	0.0	358.135800ms	1100	358.135800ms	0.0	358.135800ms	1100	358.135800ms	0.0	388.486800ms	100	388.486800ms	2.905691131045329E-4	62.758500ms	608	62.758500ms	6.175904939551733E-7	62.758500ms	608	62.758500ms	6.175904939551733E-7	
702	334148	474	3317391	1701	75	228909.0	25	301814.0	80	308521.0	34	370088.0	39	344467.0	1.7976931348623157E308	0.0	378.392700ms	1100	378.392700ms	0.0	378.392700ms	1100	378.392700ms	0.0	415.854900ms	100	415.854900ms	0.0	53.397700ms	501	53.397700ms	3.1385829533351953E-7	53.397700ms	501	53.397700ms	3.1385829533351953E-7	
703	334610	461	3318664	1273	75	228908.0	25	301814.0	80	308521.0	34	370088.0	39	344467.0	1.7976931348623157E308	0.0	403.707700ms	1100	403.707700ms	0.0	403.707700ms	1100	403.707700ms	0.0	384.202400ms	100	384.202400ms	0.0	16.497400ms	73	16.497400ms	5.984312603296343E-8	16.497400ms	73	16.497400ms	5.984312603296343E-8	
704	335140	530	3320328	1664	75	228825.0	25	301814.0	80	308521.0	34	370088.0	39	344467.0	1.7976931348623157E308	0.0	438.259300ms	1100	438.259300ms	0.0	438.259300ms	1100	438.259300ms	0.0	400.434300ms	100	400.434300ms	1.6603685611584873E-4	49.940900ms	464	49.940900ms	7.81446303077335E-7	49.940900ms	464	49.940900ms	7.81446303077335E-7	
705	335568	427	3321686	1358	75	228656.0	25	301814.0	80	308521.0	34	370088.0	7	344245.0	1.7976931348623157E308	0.0	362.631100ms	1100	362.631100ms	0.0	362.631100ms	1100	362.631100ms	0.0	375.115700ms	100	375.115700ms	4.1963858619539E-4	24.505300ms	158	24.505300ms	4.6744029418316695E-6	24.505300ms	158	24.505300ms	4.6744029418316695E-6	
706	336046	478	3323262	1576	75	228575.0	25	301814.0	80	308521.0	34	370088.0	7	344245.0	1.7976931348623157E308	0.0	396.057700ms	1100	396.057700ms	0.0	396.057700ms	1100	396.057700ms	0.0	366.233800ms	100	366.233800ms	0.0	42.887500ms	376	42.887500ms	9.421381110266869E-7	42.887500ms	376	42.887500ms	9.421381110266869E-7	
707	336531	484	3324688	1426	75	228331.0	25	301814.0	80	308521.0	34	370088.0	7	344245.0	1.7976931348623157E308	0.0	401.340400ms	1100	401.340400ms	0.0	401.340400ms	1100	401.340400ms	0.0	379.097400ms	100	379.097400ms	0.0	40.238300ms	226	40.238300ms	4.723377524659997E-6	40.238300ms	226	40.238300ms	4.723377524659997E-6	
708	336991	460	3325946	1258	75	228153.0	25	301814.0	80	308521.0	34	370088.0	7	344245.0	1.7976931348623157E308	0.0	404.262800ms	1100	404.262800ms	0.0	404.262800ms	1100	404.262800ms	0.0	373.188400ms	100	373.188400ms	0.0	15.412900ms	58	15.412900ms	1.3440862244904406E-5	15.412900ms	58	15.412900ms	1.3440862244904406E-5	
709	337487	495	3328103	2157	75	228144.0	25	301814.0	80	308521.0	34	370088.0	7	344245.0	1.7976931348623157E308	0.0	363.079ms	1100	363.079ms	0.0	363.079ms	1100	363.079ms	0.0	377.932900ms	100	377.932900ms	0.0	92.518100ms	957	92.518100ms	4.121965836403104E-8	92.518100ms	957	92.518100ms	4.121965836403104E-8	
710	338043	556	3330616	2513	75	227965.0	25	301814.0	80	308521.0	34	370088.0	7	344245.0	1.7976931348623157E308	0.0	384.431300ms	1100	384.431300ms	0.0	384.431300ms	1100	384.431300ms	0.0	371.403100ms	100	371.403100ms	2.917035487245534E-5	132.415900ms	1313	132.415900ms	5.975568830087318E-7	132.415900ms	1313	132.415900ms	5.975568830087318E-7	
711	338544	500	3331877	1261	75	227903.0	25	301814.0	80	308521.0	34	370088.0	7	344245.0	1.7976931348623157E308	0.0	443.984400ms	1100	443.984400ms	0.0	443.984400ms	1100	443.984400ms	0.0	380.015900ms	100	380.015900ms	0.0	15.706300ms	62	15.706300ms	4.386638299738822E-6	15.706300ms	62	15.706300ms	4.386638299738822E-6	
712	339042	497	3333381	1504	75	227848.0	25	301814.0	80	308521.0	34	370088.0	7	344245.0	1.7976931348623157E308	0.0	414.848600ms	1100	414.848600ms	0.0	414.848600ms	1100	414.848600ms	0.0	440.477400ms	100	440.477400ms	0.0	36.022700ms	304	36.022700ms	7.938511236427193E-7	36.022700ms	304	36.022700ms	7.938511236427193E-7	
713	339499	456	3334603	1222	75	227792.0	25	301814.0	80	308521.0	34	370088.0	7	344245.0	1.7976931348623157E308	0.0	400.164400ms	1100	400.164400ms	0.0	400.164400ms	1100	400.164400ms	0.0	397.515300ms	100	397.515300ms	0.0	13.930600ms	22	13.930600ms	1.1171722136927752E-5	13.930600ms	22	13.930600ms	1.1171722136927752E-5	
714	339964	465	3336067	1464	75	227698.0	25	301814.0	80	308521.0	34	370088.0	7	344245.0	1.7976931348623157E308	0.0	397.238900ms	1100	397.238900ms	0.0	397.238900ms	1100	397.238900ms	0.0	326.284700ms	100	326.284700ms	3.0991587588470314E-5	33.156900ms	265	33.156900ms	1.5571968336557028E-6	33.156900ms	265	33.156900ms	1.5571968336557028E-6	
715	340415	450	3337631	1564	75	227697.0	25	301814.0	80	308521.0	34	370088.0	7	344245.0	1.7976931348623157E308	0.0	366.045900ms	1100	366.045900ms	0.0	366.045900ms	1100	366.045900ms	0.0	392.443500ms	100	392.443500ms	5.210026989001848E-4	42.720900ms	364	42.720900ms	1.2065335432208314E-8	42.720900ms	364	42.720900ms	1.2065335432208314E-8	
716	341032	617	3340832	3201	75	227697.0	25	301814.0	80	308521.0	34	370088.0	7	344245.0	1.7976931348623157E308	0.0	387.234400ms	1100	387.234400ms	0.0	387.234400ms	1100	387.234400ms	0.0	381.092900ms	100	381.092900ms	0.0	189.065200ms	2001	189.065200ms	0.0	189.065200ms	2001	189.065200ms	0.0	
717	341726	693	3342663	1831	75	227680.0	25	301814.0	80	308521.0	34	370088.0	7	344245.0	1.7976931348623157E308	0.0	574.054100ms	1100	574.054100ms	0.0	574.054100ms	1100	574.054100ms	0.0	393.153400ms	100	393.153400ms	0.0	76.630800ms	631	76.630800ms	1.1832111497305101E-7	76.630800ms	631	76.630800ms	1.1832111497305101E-7	
718	342337	610	3345864	3201	75	227680.0	25	301814.0	80	308521.0	34	370088.0	7	344245.0	1.7976931348623157E308	0.0	360.328600ms	1100	360.328600ms	0.0	360.328600ms	1100	360.328600ms	0.0	369.261700ms	100	369.261700ms	0.0	210.775ms	2001	210.775ms	0.0	210.775ms	2001	210.775ms	0.0	
719	342838	501	3348215	2351	75	227583.0	25	301814.0	80	308521.0	34	370088.0	7	344245.0	1.7976931348623157E308	0.0	353.211200ms	1100	353.211200ms	0.0	353.211200ms	1100	353.211200ms	0.0	380.516200ms	100	380.516200ms	0.0	107.959800ms	1151	107.959800ms	3.7014469375832195E-7	107.959800ms	1151	107.959800ms	3.7014469375832195E-7	
720	343323	485	3349499	1284	75	227554.0	25	301814.0	80	308521.0	34	370088.0	7	344245.0	1.7976931348623157E308	0.0	419.855100ms	1100	419.855100ms	0.0	419.855100ms	1100	419.855100ms	0.0	464.801100ms	100	464.801100ms	0.0	17.403800ms	85	17.403800ms	1.4991298585058784E-6	17.403800ms	85	17.403800ms	1.4991298585058784E-6	
721	343979	655	3352700	3201	75	227554.0	25	301814.0	80	308521.0	34	370088.0	7	344245.0	1.7976931348623157E308	0.0	391.014700ms	1100	391.014700ms	0.0	391.014700ms	1100	391.014700ms	0.0	394.770600ms	100	394.770600ms	0.0	224.043500ms	2001	224.043500ms	0.0	224.043500ms	2001	224.043500ms	0.0	
722	344496	517	3354698	1998	75	227538.0	25	301814.0	80	308521.0	34	370088.0	7	344245.0	1.7976931348623157E308	0.0	376.178700ms	1100	376.178700ms	0.0	376.178700ms	1100	376.178700ms	0.0	372.059600ms	100	372.059600ms	1.919958619326867E-4	100.392200ms	798	100.392200ms	8.811150458043232E-8	100.392200ms	798	100.392200ms	8.811150458043232E-8	
723	344990	493	3356118	1420	75	227479.0	25	301814.0	80	308521.0	34	370088.0	7	344245.0	1.7976931348623157E308	0.0	373.029400ms	1100	373.029400ms	0.0	373.029400ms	1100	373.029400ms	0.0	385.736900ms	100	385.736900ms	0.0	80.031900ms	220	80.031900ms	1.1786243097056115E-6	80.031900ms	220	80.031900ms	1.1786243097056115E-6	
724	345503	513	3357803	1685	75	227406.0	25	301814.0	80	308521.0	34	370088.0	7	344245.0	1.7976931348623157E308	0.0	408.079700ms	1100	408.079700ms	0.0	408.079700ms	1100	408.079700ms	0.0	376.054900ms	100	376.054900ms	0.0	65.125800ms	487	65.125800ms	6.589501914264006E-7	65.125800ms	487	65.125800ms	6.589501914264006E-7	
725	346298	794	3361004	3201	75	227406.0	25	301814.0	80	308521.0	34	370088.0	7	344245.0	1.7976931348623157E308	0.0	477.128900ms	1100	477.128900ms	0.0	477.128900ms	1100	477.128900ms	0.0	450.065800ms	100	450.065800ms	0.0	263.741500ms	2001	263.741500ms	0.0	263.741500ms	2001	263.741500ms	0.0	
726	347079	781	3364205	3201	75	227406.0	25	301814.0	80	308521.0	34	370088.0	7	344245.0	1.7976931348623157E308	0.0	498.097300ms	1100	498.097300ms	0.0	498.097300ms	1100	498.097300ms	0.0	435.629700ms	100	435.629700ms	0.0	233.769400ms	2001	233.769400ms	0.0	233.769400ms	2001	233.769400ms	0.0	
727	347636	556	3365738	1533	75	227341.0	25	301814.0	80	308521.0	34	370088.0	7	344245.0	1.7976931348623157E308	0.0	468.537300ms	1100	468.537300ms	1.5192895801924794E-7	468.537300ms	1100	468.537300ms	1.5192895801924794E-7	398.308ms	100	398.308ms	0.0	43.554700ms	333	43.554700ms	3.5654767719887576E-7	43.554700ms	333	43.554700ms	3.5654767719887576E-7	
728	348077	441	3366938	1200	75	227341.0	25	301814.0	80	308521.0	34	370088.0	28	344222.0	1.7976931348623157E308	0.0	398.239300ms	1100	398.239300ms	0.0	398.239300ms	1100	398.239300ms	0.0	412.126700ms	100	412.126700ms	4.399392654315926E-4	0s	0	0s	0.0	0s	0	0s	0.0	
729	348653	576	3368372	1434	75	227269.0	25	301814.0	80	308521.0	34	370088.0	28	344222.0	1.7976931348623157E308	0.0	491.833700ms	1100	491.833700ms	0.0	491.833700ms	1100	491.833700ms	0.0	389.428600ms	100	389.428600ms	0.0	43.471900ms	234	43.471900ms	1.3534395805962786E-6	43.471900ms	234	43.471900ms	1.3534395805962786E-6	
730	349131	478	3369816	1444	75	226988.0	25	301814.0	80	308521.0	34	370088.0	28	344222.0	1.7976931348623157E308	0.0	395.732ms	1100	395.732ms	3.3629701752590046E-7	395.732ms	1100	395.732ms	3.3629701752590046E-7	367.486800ms	100	367.486800ms	0.0	42.460900ms	244	42.460900ms	3.5525172776769942E-6	42.460900ms	244	42.460900ms	3.5525172776769942E-6	
731	349588	456	3371016	1200	75	226972.0	25	301814.0	80	308521.0	34	370088.0	28	344222.0	1.7976931348623157E308	0.0	415.035ms	1100	415.035ms	6.408027977446793E-8	415.035ms	1100	415.035ms	6.408027977446793E-8	376.939700ms	100	376.939700ms	0.0	0s	0	0s	0.0	0s	0	0s	0.0	
732	350034	445	3372215	1199	75	226965.0	25	301814.0	80	308521.0	34	370088.0	28	344222.0	1.7976931348623157E308	0.0	403.298800ms	1100	403.298800ms	2.8037098688967047E-8	403.298800ms	1100	403.298800ms	2.8037098688967047E-8	392.081ms	100	392.081ms	0.0	0s	0	0s	0.0	0s	0	0s	0.0	
733	350531	497	3373415	1200	75	226965.0	25	301814.0	80	308521.0	34	370088.0	28	344222.0	1.7976931348623157E308	0.0	449.288700ms	1100	449.288700ms	0.0	449.288700ms	1100	449.288700ms	0.0	422.648200ms	100	422.648200ms	0.0	0s	0	0s	0.0	0s	0	0s	0.0	
734	351307	776	3376616	3201	75	226965.0	25	301814.0	80	308521.0	34	370088.0	28	344222.0	1.7976931348623157E308	0.0	465.905100ms	1100	465.905100ms	0.0	465.905100ms	1100	465.905100ms	0.0	392.112ms	100	392.112ms	0.0	268.152600ms	2001	268.152600ms	0.0	268.152600ms	2001	268.152600ms	0.0	
735	351807	499	3378495	1879	75	226955.0	25	301814.0	80	308521.0	34	370088.0	28	344222.0	1.7976931348623157E308	0.0	378.777700ms	1100	378.777700ms	3.604896891934944E-8	378.777700ms	1100	378.777700ms	3.604896891934944E-8	392.262500ms	100	392.262500ms	0.0	77.250500ms	679	77.250500ms	6.48890379605751E-9	77.250500ms	679	77.250500ms	6.48890379605751E-9	
736	352237	429	3379695	1200	75	226948.0	25	301814.0	80	308521.0	34	370088.0	19	344206.0	1.7976931348623157E308	0.0	388.020600ms	1100	388.020600ms	2.8039198799961246E-8	388.020600ms	1100	388.020600ms	2.8039198799961246E-8	388.957300ms	100	388.957300ms	3.976199879500364E-4	0s	0	0s	0.0	0s	0	0s	0.0	
737	352663	425	3380895	1200	75	226948.0	25	301814.0	80	308521.0	34	370088.0	19	344206.0	1.7976931348623157E308	0.0	376.212400ms	1100	376.212400ms	0.0	376.212400ms	1100	376.212400ms	0.0	444.044400ms	100	444.044400ms	0.0	0s	0	0s	0.0	0s	0	0s	0.0	
738	353319	655	3384096	3201	75	226948.0	25	301814.0	80	308521.0	34	370088.0	73	343532.0	1.7976931348623157E308	0.0	361.614500ms	1100	361.614500ms	0.0	361.614500ms	1100	361.614500ms	0.0	395.203900ms	100	395.203900ms	6.648853594232695E-4	253.674800ms	2001	253.674800ms	0.0	253.674800ms	2001	253.674800ms	0.0	
739	353929	610	3387297	3201	75	226948.0	25	301814.0	80	308521.0	34	370088.0	73	343532.0	1.7976931348623157E308	0.0	384.425ms	1100	384.425ms	0.0	384.425ms	1100	384.425ms	0.0	419.706800ms	100	419.706800ms	0.0	181.608400ms	2001	181.608400ms	0.0	181.608400ms	2001	181.608400ms	0.0	
740	354355	426	3388610	1313	75	226943.0	25	301814.0	80	308521.0	34	370088.0	73	343532.0	1.7976931348623157E308	0.0	364.363800ms	1100	364.363800ms	0.0	364.363800ms	1100	364.363800ms	0.0	404.546500ms	100	404.546500ms	0.0	20.704600ms	113	20.704600ms	1.949688369610682E-7	20.704600ms	113	20.704600ms	1.949688369610682E-7	
741	354865	510	3390080	1470	75	226830.0	25	301814.0	80	308521.0	34	370088.0	73	343532.0	1.7976931348623157E308	0.0	437.552100ms	1100	437.552100ms	0.0	437.552100ms	1100	437.552100ms	0.0	374.475100ms	100	374.475100ms	0.0	32.634400ms	270	32.634400ms	1.8441569844343222E-6	32.634400ms	270	32.634400ms	1.8441569844343222E-6	
742	355294	428	3391346	1266	75	226760.0	25	301814.0	80	308521.0	34	370088.0	73	343532.0	1.7976931348623157E308	0.0	365.423500ms	1100	365.423500ms	0.0	365.423500ms	1100	365.423500ms	0.0	447.453ms	100	447.453ms	0.0	15.999300ms	66	15.999300ms	4.675775076515876E-6	15.999300ms	66	15.999300ms	4.675775076515876E-6	
743	355763	469	3392593	1247	75	226699.0	25	301814.0	80	308521.0	34	370088.0	73	343532.0	1.7976931348623157E308	0.0	413.298300ms	1100	413.298300ms	0.0	413.298300ms	1100	413.298300ms	0.0	381.483600ms	100	381.483600ms	0.0	14.686300ms	47	14.686300ms	5.723550628090436E-6	14.686300ms	47	14.686300ms	5.723550628090436E-6	
744	356272	508	3394091	1498	75	226637.0	25	301814.0	80	308521.0	34	370088.0	73	343532.0	1.7976931348623157E308	0.0	428.991200ms	1100	428.991200ms	0.0	428.991200ms	1100	428.991200ms	0.0	401.927200ms	100	401.927200ms	0.0	36.171600ms	298	36.171600ms	9.17753017327817E-7	36.171600ms	298	36.171600ms	9.17753017327817E-7	
745	356713	441	3395481	1390	75	226527.0	25	301814.0	80	308521.0	34	370088.0	73	343532.0	1.7976931348623157E308	0.0	373.922800ms	1100	373.922800ms	3.210421026648854E-8	373.922800ms	1100	373.922800ms	3.210421026648854E-8	375.446ms	100	375.446ms	0.0	27.129100ms	190	27.129100ms	2.368731077728725E-6	27.129100ms	190	27.129100ms	2.368731077728725E-6	
746	357112	399	3396681	1200	75	226527.0	25	301814.0	80	308521.0	34	370088.0	73	343532.0	1.7976931348623157E308	0.0	358.555100ms	1100	358.555100ms	0.0	358.555100ms	1100	358.555100ms	0.0	384.806ms	100	384.806ms	0.0	0s	0	0s	0.0	0s	0	0s	0.0	
747	357545	433	3398180	1499	75	226511.0	25	301814.0	80	308521.0	34	370088.0	73	343532.0	1.7976931348623157E308	0.0	354.590800ms	1100	354.590800ms	0.0	354.590800ms	1100	354.590800ms	0.0	375.510300ms	100	375.510300ms	0.0	38.259100ms	299	38.259100ms	2.3622661177522237E-7	38.259100ms	299	38.259100ms	2.3622661177522237E-7	
748	357992	446	3399438	1258	75	226464.0	25	301814.0	80	308521.0	34	370088.0	73	343532.0	1.7976931348623157E308	0.0	387.294500ms	1100	387.294500ms	0.0	387.294500ms	1100	387.294500ms	0.0	391.083300ms	100	391.083300ms	0.0	15.724500ms	58	15.724500ms	3.5775076159050672E-6	15.724500ms	58	15.724500ms	3.5775076159050672E-6	
749	358410	418	3400695	1257	75	226449.0	25	301814.0	80	308521.0	34	370088.0	73	343532.0	1.7976931348623157E308	0.0	363.129400ms	1100	363.129400ms	0.0	363.129400ms	1100	363.129400ms	0.0	373.754400ms	100	373.754400ms	0.0	15.549900ms	57	15.549900ms	1.1620297033382007E-6	15.549900ms	57	15.549900ms	1.1620297033382007E-6	
750	358885	474	3402139	1444	75	226427.0	25	301814.0	80	308521.0	34	370088.0	73	343532.0	1.7976931348623157E308	0.0	398.500300ms	1100	398.500300ms	6.423450733942944E-8	398.500300ms	1100	398.500300ms	6.423450733942944E-8	413.632ms	100	413.632ms	0.0	31.515700ms	244	31.515700ms	1.085902959801588E-7	31.515700ms	244	31.515700ms	1.085902959801588E-7	
751	359296	410	3403339	1200	75	226427.0	25	301814.0	80	308521.0	34	370088.0	73	343532.0	1.7976931348623157E308	0.0	365.330600ms	1100	365.330600ms	0.0	365.330600ms	1100	365.330600ms	0.0	436.066400ms	100	436.066400ms	0.0	0s	0	0s	0.0	0s	0	0s	0.0	
752	359734	438	3404573	1234	75	226398.0	25	301814.0	80	308521.0	34	370088.0	73	343532.0	1.7976931348623157E308	0.0	385.163ms	1100	385.163ms	0.0	385.163ms	1100	385.163ms	0.0	363.471400ms	100	363.471400ms	0.0	13.000200ms	34	13.000200ms	3.7669587834968587E-6	13.000200ms	34	13.000200ms	3.7669587834968587E-6	
753	360322	588	3407348	2775	75	226382.0	25	301814.0	80	308521.0	34	370088.0	73	343532.0	1.7976931348623157E308	0.0	371.797700ms	1100	371.797700ms	2.4093792314706552E-8	371.797700ms	1100	371.797700ms	2.4093792314706552E-8	386.800600ms	100	386.800600ms	0.0	175.321ms	1575	175.321ms	2.804444539797379E-8	175.321ms	1575	175.321ms	2.804444539797379E-8	
754	360744	421	3408548	1200	75	226382.0	25	301814.0	80	308521.0	34	370088.0	73	343532.0	1.7976931348623157E308	0.0	381.58ms	1100	381.58ms	0.0	381.58ms	1100	381.58ms	0.0	390.226400ms	100	390.226400ms	0.0	0s	0	0s	0.0	0s	0	0s	0.0	
755	361199	454	3410019	1471	75	226268.0	25	301814.0	80	308521.0	34	370088.0	73	343532.0	1.7976931348623157E308	0.0	381.256500ms	1100	381.256500ms	0.0	381.256500ms	1100	381.256500ms	0.0	369.310900ms	100	369.310900ms	0.0	33.590500ms	271	33.590500ms	1.8582051869938104E-6	33.590500ms	271	33.590500ms	1.8582051869938104E-6	
756	361760	561	3412817	2798	75	226261.0	25	301814.0	80	308521.0	34	370088.0	73	343532.0	1.7976931348623157E308	0.0	364.799400ms	1100	364.799400ms	0.0	364.799400ms	1100	364.799400ms	0.0	379.059900ms	100	379.059900ms	0.0	157.586600ms	1598	157.586600ms	1.9359677879717016E-8	157.586600ms	1598	157.586600ms	1.9359677879717016E-8	
757	362277	516	3414759	1942	75	226236.0	25	301814.0	80	308521.0	34	370088.0	73	343532.0	1.7976931348623157E308	0.0	392.633300ms	1100	392.633300ms	9.241219535615176E-8	392.633300ms	1100	392.633300ms	9.241219535615176E-8	386.142200ms	100	386.142200ms	0.0	83.441400ms	742	83.441400ms	1.1912869605274847E-8	83.441400ms	742	83.441400ms	1.1912869605274847E-8	
758	362743	466	3415959	1200	75	226236.0	25	301814.0	80	308521.0	34	370088.0	4	343218.0	1.7976931348623157E308	0.0	425.632600ms	1100	425.632600ms	0.0	425.632600ms	1100	425.632600ms	0.0	374.807400ms	100	374.807400ms	0.0011439410643915627	0s	0	0s	0.0	0s	0	0s	0.0	
759	363278	534	3417873	1914	75	226174.0	25	301814.0	80	308521.0	34	370088.0	4	343218.0	1.7976931348623157E308	0.0	420.604300ms	1100	420.604300ms	0.0	420.604300ms	1100	420.604300ms	0.0	378.582800ms	100	378.582800ms	0.0	73.438700ms	714	73.438700ms	3.8382367922675724E-7	73.438700ms	714	73.438700ms	3.8382367922675724E-7	
760	363857	579	3420715	2842	75	226171.0	25	301814.0	80	308521.0	34	370088.0	82	342960.0	1.7976931348623157E308	0.0	354.455700ms	1100	354.455700ms	0.0	354.455700ms	1100	354.455700ms	0.0	388.481600ms	100	388.481600ms	9.914653391816942E-4	184.097100ms	1642	184.097100ms	8.07802928223181E-9	184.097100ms	1642	184.097100ms	8.07802928223181E-9	
761	364269	412	3421977	1262	75	226167.0	25	301814.0	80	308521.0	34	370088.0	82	342960.0	1.7976931348623157E308	0.0	355.279100ms	1100	355.279100ms	0.0	355.279100ms	1100	355.279100ms	0.0	390.743600ms	100	390.743600ms	0.0	16.040900ms	62	16.040900ms	2.8525376388754964E-7	16.040900ms	62	16.040900ms	2.8525376388754964E-7	
762	364697	427	3423257	1280	75	225990.0	25	301814.0	80	308521.0	34	370088.0	82	342960.0	1.7976931348623157E308	0.0	366.184900ms	1100	366.184900ms	0.0	366.184900ms	1100	366.184900ms	0.0	402.391800ms	100	402.391800ms	0.0	17.465800ms	80	17.465800ms	9.782594277679691E-6	17.465800ms	80	17.465800ms	9.782594277679691E-6	
763	365270	572	3426457	3200	75	225990.0	25	301814.0	80	308521.0	34	370088.0	82	342960.0	1.7976931348623157E308	0.0	353.971700ms	1100	353.971700ms	0.0	353.971700ms	1100	353.971700ms	0.0	366.121700ms	100	366.121700ms	0.0	179.085500ms	2001	179.085500ms	0.0	179.085500ms	2001	179.085500ms	0.0	
764	365884	613	3429658	3201	75	225990.0	25	301814.0	80	308521.0	34	370088.0	82	342960.0	1.7976931348623157E308	0.0	380.499500ms	1100	380.499500ms	0.0	380.499500ms	1100	380.499500ms	0.0	385.987200ms	100	385.987200ms	0.0	192.659100ms	2001	192.659100ms	0.0	192.659100ms	2001	192.659100ms	0.0	
765	366338	454	3431126	1468	75	225922.0	25	301814.0	80	308521.0	34	370088.0	82	342960.0	1.7976931348623157E308	0.0	378.149100ms	1100	378.149100ms	0.0	378.149100ms	1100	378.149100ms	0.0	406.597ms	100	406.597ms	0.0	33.712200ms	268	33.712200ms	1.1227547381900227E-6	33.712200ms	268	33.712200ms	1.1227547381900227E-6	
766	366763	424	3432381	1255	75	225775.0	25	301814.0	80	308521.0	34	370088.0	82	342960.0	1.7976931348623157E308	0.0	366.043500ms	1100	366.043500ms	0.0	366.043500ms	1100	366.043500ms	0.0	378.311100ms	100	378.311100ms	0.0	16.421200ms	55	16.421200ms	1.1830309897783745E-5	16.421200ms	55	16.421200ms	1.1830309897783745E-5	
767	367239	476	3434229	1848	75	225772.0	25	301814.0	80	308521.0	34	370088.0	82	342960.0	1.7976931348623157E308	0.0	356.022300ms	1100	356.022300ms	0.0	356.022300ms	1100	356.022300ms	0.0	386.845200ms	100	386.845200ms	0.0	79.941700ms	649	79.941700ms	2.047390609198612E-8	79.941700ms	649	79.941700ms	2.047390609198612E-8	
768	367668	428	3435456	1227	75	225441.0	25	301814.0	80	308521.0	34	370088.0	82	342960.0	1.7976931348623157E308	0.0	363.753900ms	1100	363.753900ms	0.0	363.753900ms	1100	363.753900ms	0.0	375.285200ms	100	375.285200ms	0.0	24.510500ms	27	24.510500ms	5.429928981122074E-5	24.510500ms	27	24.510500ms	5.429928981122074E-5	
769	368167	499	3437565	2109	75	225379.0	25	301814.0	80	308521.0	34	370088.0	82	342960.0	1.7976931348623157E308	0.0	368.794800ms	1100	368.794800ms	0.0	368.794800ms	1100	368.794800ms	0.0	383.754200ms	100	383.754200ms	0.0	89.972100ms	909	89.972100ms	3.0254843033024273E-7	89.972100ms	909	89.972100ms	3.0254843033024273E-7	
770	368647	480	3439586	2021	75	225325.0	25	301814.0	80	308521.0	34	370088.0	82	342960.0	1.7976931348623157E308	0.0	348.553600ms	1100	348.553600ms	0.0	348.553600ms	1100	348.553600ms	0.0	371.765900ms	100	371.765900ms	0.0	91.622900ms	821	91.622900ms	2.9183485158704614E-7	91.622900ms	821	91.622900ms	2.9183485158704614E-7	
771	369178	530	3442185	2599	75	225273.0	25	301814.0	80	308521.0	34	370088.0	45	342910.0	1.7976931348623157E308	0.0	362.945300ms	1100	362.945300ms	0.0	362.945300ms	1100	362.945300ms	0.0	390.668900ms	100	390.668900ms	8.435704918610765E-4	127.185ms	1399	127.185ms	1.6495908895631557E-7	127.185ms	1399	127.185ms	1.6495908895631557E-7	
772	369639	461	3444046	1861	75	224909.0	25	301814.0	80	308521.0	34	370088.0	45	342910.0	1.7976931348623157E308	0.0	354.107100ms	1100	354.107100ms	3.2335160404593145E-8	354.107100ms	1100	354.107100ms	3.2335160404593145E-8	371.280700ms	100	371.280700ms	0.0	67.386100ms	661	67.386100ms	2.3907787984098145E-6	67.386100ms	661	67.386100ms	2.3907787984098145E-6	
773	370078	439	3445246	1200	75	224909.0	25	301814.0	80	308521.0	34	370088.0	45	342910.0	1.7976931348623157E308	0.0	389.381200ms	1100	389.381200ms	0.0	389.381200ms	1100	389.381200ms	0.0	420.304900ms	100	420.304900ms	0.0	0s	0	0s	0.0	0s	0	0s	0.0	
774	370783	705	3448447	3201	75	224909.0	25	301814.0	80	308521.0	34	370088.0	45	342910.0	1.7976931348623157E308	0.0	368.699600ms	1100	368.699600ms	0.0	368.699600ms	1100	368.699600ms	0.0	454.686900ms	100	454.686900ms	0.0	286.774600ms	2001	286.774600ms	0.0	286.774600ms	2001	286.774600ms	0.0	
775	371306	522	3450438	1991	75	224841.0	25	301814.0	80	308521.0	34	370088.0	45	342910.0	1.7976931348623157E308	0.0	372.422300ms	1100	372.422300ms	0.0	372.422300ms	1100	372.422300ms	0.0	383.124300ms	100	383.124300ms	0.0	109.602200ms	791	109.602200ms	3.8223072538190337E-7	109.602200ms	791	109.602200ms	3.8223072538190337E-7	
776	371746	440	3451667	1229	75	224836.0	25	301814.0	80	308521.0	34	370088.0	45	342910.0	1.7976931348623157E308	0.0	386.481600ms	1100	386.481600ms	0.0	386.481600ms	1100	386.481600ms	0.0	376.310100ms	100	376.310100ms	0.0	13.277600ms	29	13.277600ms	7.668254148635991E-7	13.277600ms	29	13.277600ms	7.668254148635991E-7	
777	372170	424	3452900	1233	75	224728.0	25	301814.0	80	308521.0	34	370088.0	45	342910.0	1.7976931348623157E308	0.0	371.392400ms	1100	371.392400ms	0.0	371.392400ms	1100	371.392400ms	0.0	387.138ms	100	387.138ms	0.0	12.958300ms	34	12.958300ms	1.412794476078371E-5	12.958300ms	34	12.958300ms	1.412794476078371E-5	
778	372625	454	3454569	1669	75	224699.0	25	301814.0	80	308521.0	34	370088.0	45	342910.0	1.7976931348623157E308	0.0	351.287600ms	1100	351.287600ms	0.0	351.287600ms	1100	351.287600ms	0.0	407.087400ms	100	407.087400ms	0.0	62.453500ms	469	62.453500ms	2.751490188109798E-7	62.453500ms	469	62.453500ms	2.751490188109798E-7	
779	373044	419	3455834	1265	75	224579.0	25	301814.0	80	308521.0	34	370088.0	45	342910.0	1.7976931348623157E308	0.0	363.193100ms	1100	363.193100ms	0.0	363.193100ms	1100	363.193100ms	0.0	372.270400ms	100	372.270400ms	0.0	16.083600ms	65	16.083600ms	8.216119547278266E-6	16.083600ms	65	16.083600ms	8.216119547278266E-6	
780	373513	468	3457172	1338	75	224348.0	25	301814.0	80	308521.0	34	370088.0	45	342910.0	1.7976931348623157E308	0.0	405.766300ms	1100	405.766300ms	0.0	405.766300ms	1100	405.766300ms	0.0	368.365400ms	100	368.365400ms	0.0	22.685700ms	138	22.685700ms	7.4535599654390125E-6	22.685700ms	138	22.685700ms	7.4535599654390125E-6	
781	373958	445	3458459	1287	75	224115.0	25	301814.0	80	308521.0	34	370088.0	45	342910.0	1.7976931348623157E308	0.0	380.312700ms	1100	380.312700ms	0.0	380.312700ms	1100	380.312700ms	0.0	432.587700ms	100	432.587700ms	0.0	18.252500ms	87	18.252500ms	1.1937529728547923E-5	18.252500ms	87	18.252500ms	1.1937529728547923E-5	
782	374491	533	3460093	1634	75	224095.0	25	301814.0	80	308521.0	34	370088.0	45	342910.0	1.7976931348623157E308	0.0	425.562600ms	1100	425.562600ms	0.0	425.562600ms	1100	425.562600ms	0.0	431.442400ms	100	431.442400ms	0.0	63.120300ms	434	63.120300ms	2.056218874628507E-7	63.120300ms	434	63.120300ms	2.056218874628507E-7	
783	375150	658	3461726	1633	75	224086.0	25	301814.0	80	308521.0	34	370088.0	45	342910.0	1.7976931348623157E308	0.0	565.991700ms	1100	565.991700ms	4.056865900689291E-9	565.991700ms	1100	565.991700ms	4.056865900689291E-9	406.956400ms	100	406.956400ms	0.0	48.272100ms	433	48.272100ms	8.24460633987318E-8	48.272100ms	433	48.272100ms	8.24460633987318E-8	
784	375596	446	3462926	1200	75	224086.0	25	301814.0	80	308521.0	34	370088.0	45	342910.0	1.7976931348623157E308	0.0	404.734100ms	1100	404.734100ms	0.0	404.734100ms	1100	404.734100ms	0.0	387.276300ms	100	387.276300ms	0.0	0s	0	0s	0.0	0s	0	0s	0.0	
785	376120	524	3465208	2282	75	224067.0	25	301814.0	80	308521.0	34	370088.0	45	342910.0	1.7976931348623157E308	0.0	377.890800ms	1100	377.890800ms	0.0	377.890800ms	1100	377.890800ms	0.0	387.404ms	100	387.404ms	0.0	105.249100ms	1082	105.249100ms	7.836310138587358E-8	105.249100ms	1082	105.249100ms	7.836310138587358E-8	
786	376561	441	3466584	1376	75	223998.0	25	301814.0	80	308521.0	34	370088.0	45	342910.0	1.7976931348623157E308	0.0	373.930600ms	1100	373.930600ms	0.0	373.930600ms	1100	373.930600ms	0.0	396.849700ms	100	396.849700ms	0.0	26.265800ms	176	26.265800ms	1.7496795804175766E-6	26.265800ms	176	26.265800ms	1.7496795804175766E-6	
787	377023	461	3467940	1356	75	223959.0	25	301814.0	80	308521.0	34	370088.0	45	342910.0	1.7976931348623157E308	0.0	384.727600ms	1100	384.727600ms	0.0	384.727600ms	1100	384.727600ms	0.0	364.383800ms	100	364.383800ms	8.486543127553148E-5	36.847400ms	156	36.847400ms	1.1160813935839042E-6	36.847400ms	156	36.847400ms	1.1160813935839042E-6	
788	377451	428	3469325	1385	75	223956.0	25	301814.0	80	308521.0	34	370088.0	45	342910.0	1.7976931348623157E308	0.0	361.836ms	1100	361.836ms	0.0	361.836ms	1100	361.836ms	0.0	379.825ms	100	379.825ms	1.9334019373168365E-4	26.551900ms	185	26.551900ms	7.240707547474013E-8	26.551900ms	185	26.551900ms	7.240707547474013E-8	
789	377891	440	3470544	1219	75	223567.0	25	301814.0	80	308521.0	34	370088.0	45	342910.0	1.7976931348623157E308	0.0	387.000300ms	1100	387.000300ms	1.339901829859274E-6	387.000300ms	1100	387.000300ms	1.339901829859274E-6	385.788900ms	100	385.788900ms	8.559949932368305E-5	11.988ms	19	11.988ms	1.3865505536333886E-5	11.988ms	19	11.988ms	1.3865505536333886E-5	
790	378407	515	3471743	1199	75	223567.0	25	301814.0	80	308521.0	34	370088.0	45	342910.0	1.7976931348623157E308	0.0	474.579900ms	1100	474.579900ms	0.0	474.579900ms	1100	474.579900ms	0.0	389.953800ms	100	389.953800ms	0.0	0s	0	0s	0.0	0s	0	0s	0.0	
791	378916	509	3473733	1990	75	223181.0	25	301814.0	80	308521.0	34	370088.0	27	342730.0	1.7976931348623157E308	0.0	391.281600ms	1100	391.281600ms	0.0	391.281600ms	1100	391.281600ms	0.0	361.029600ms	100	361.029600ms	5.181714161172557E-4	78.497900ms	790	78.497900ms	2.185508572091168E-6	78.497900ms	790	78.497900ms	2.185508572091168E-6	
792	379515	598	3475808	2075	75	223163.0	25	301814.0	80	308521.0	34	370088.0	27	342730.0	1.7976931348623157E308	0.0	355.176300ms	1100	355.176300ms	0.0	355.176300ms	1100	355.176300ms	0.0	387.062ms	100	387.062ms	0.0	202.653700ms	875	202.653700ms	9.217374494888527E-8	202.653700ms	875	202.653700ms	9.217374494888527E-8	
793	379983	468	3477447	1639	75	223120.0	25	301814.0	80	308521.0	34	370088.0	27	342730.0	1.7976931348623157E308	0.0	374.460900ms	1100	374.460900ms	0.0	374.460900ms	1100	374.460900ms	0.0	406.357200ms	100	406.357200ms	0.0	50.878800ms	439	50.878800ms	4.389163351666651E-7	50.878800ms	439	50.878800ms	4.389163351666651E-7	
794	380537	553	3479791	2344	75	222986.0	25	301814.0	80	308521.0	34	370088.0	27	342730.0	1.7976931348623157E308	0.0	383.629500ms	1100	383.629500ms	0.0	383.629500ms	1100	383.629500ms	0.0	388.860800ms	100	388.860800ms	0.0	128.946200ms	1144	128.946200ms	5.249769950379971E-7	128.946200ms	1144	128.946200ms	5.249769950379971E-7	
795	380965	428	3481083	1292	75	222963.0	25	301814.0	80	308521.0	34	370088.0	27	342730.0	1.7976931348623157E308	0.0	368.853800ms	1100	368.853800ms	0.0	368.853800ms	1100	368.853800ms	0.0	381.694100ms	100	381.694100ms	0.0	18.494900ms	92	18.494900ms	1.121146619070812E-6	18.494900ms	92	18.494900ms	1.121146619070812E-6	
796	381502	536	3483486	2403	75	222962.0	25	301814.0	80	308521.0	34	370088.0	27	342730.0	1.7976931348623157E308	0.0	372.816400ms	1100	372.816400ms	0.0	372.816400ms	1100	372.816400ms	0.0	364.969900ms	100	364.969900ms	0.0	123.987700ms	1203	123.987700ms	3.7282203565237984E-9	123.987700ms	1203	123.987700ms	3.7282203565237984E-9	
797	382106	604	3486687	3201	75	222962.0	25	301814.0	80	308521.0	34	370088.0	14	342057.0	1.7976931348623157E308	0.0	361.871200ms	1100	361.871200ms	0.0	361.871200ms	1100	361.871200ms	0.0	386.342200ms	100	386.342200ms	4.90316845145059E-4	201.545500ms	2001	201.545500ms	0.0	201.545500ms	2001	201.545500ms	0.0	
798	382703	596	3489888	3201	75	222962.0	25	301814.0	80	308521.0	34	370088.0	14	342057.0	1.7976931348623157E308	0.0	359.594800ms	1100	359.594800ms	0.0	359.594800ms	1100	359.594800ms	0.0	402.353800ms	100	402.353800ms	0.0	194.957700ms	2001	194.957700ms	0.0	194.957700ms	2001	194.957700ms	0.0	
799	383274	571	3493088	3200	75	222962.0	25	301814.0	80	308521.0	34	370088.0	14	342057.0	1.7976931348623157E308	0.0	350.073400ms	1100	350.073400ms	0.0	350.073400ms	1100	350.073400ms	0.0	394.853100ms	100	394.853100ms	1.714891237158922E-4	180.535100ms	2001	180.535100ms	0.0	180.535100ms	2001	180.535100ms	0.0	
800	383794	519	3494855	1767	75	222929.0	25	301814.0	80	308521.0	34	370088.0	14	342057.0	1.7976931348623157E308	0.0	407.760500ms	1100	407.760500ms	0.0	407.760500ms	1100	407.760500ms	0.0	387.911500ms	100	387.911500ms	0.0	70.911900ms	567	70.911900ms	2.6103577381378487E-7	70.911900ms	567	70.911900ms	2.6103577381378487E-7	
801	384263	468	3496622	1767	75	222735.0	25	301814.0	80	308521.0	34	370088.0	14	342057.0	1.7976931348623157E308	0.0	355.421300ms	1100	355.421300ms	0.0	355.421300ms	1100	355.421300ms	0.0	400.952200ms	100	400.952200ms	0.0	69.823200ms	567	69.823200ms	1.5348011047688218E-6	69.823200ms	567	69.823200ms	1.5348011047688218E-6	
802	384869	605	3499823	3201	75	222735.0	25	301814.0	80	308521.0	34	370088.0	14	342057.0	1.7976931348623157E308	0.0	372.683600ms	1100	372.683600ms	0.0	372.683600ms	1100	372.683600ms	0.0	359.959800ms	100	359.959800ms	1.526726241602716E-4	192.841300ms	2001	192.841300ms	0.0	192.841300ms	2001	192.841300ms	0.0	
803	385281	412	3501024	1201	75	222721.0	25	301814.0	80	308521.0	34	370088.0	14	342057.0	1.7976931348623157E308	0.0	362.265500ms	1100	362.265500ms	0.0	362.265500ms	1100	362.265500ms	0.0	379.341200ms	100	379.341200ms	0.0	10.435800ms	1	10.435800ms	6.285496217472986E-5	10.435800ms	1	10.435800ms	6.285496217472986E-5	
804	385823	541	3503730	2706	75	222718.0	25	301814.0	80	308521.0	34	370088.0	22	341810.0	1.7976931348623157E308	0.0	361.217500ms	1100	361.217500ms	0.0	361.217500ms	1100	361.217500ms	0.0	405.606700ms	100	405.606700ms	1.1501827460975944E-4	136.663100ms	1506	136.663100ms	8.944068464607484E-9	136.663100ms	1506	136.663100ms	8.944068464607484E-9	
805	386364	540	3505954	2224	75	222676.0	25	301814.0	80	308521.0	34	370088.0	22	341810.0	1.7976931348623157E308	0.0	381.744800ms	1100	381.744800ms	8.572593744376517E-8	381.744800ms	1100	381.744800ms	8.572593744376517E-8	382.681500ms	100	382.681500ms	1.0858149400858386E-4	118.677500ms	1024	118.677500ms	9.207972638048453E-8	118.677500ms	1024	118.677500ms	9.207972638048453E-8	
806	386791	427	3507154	1200	75	222556.0	25	301814.0	80	308521.0	34	370088.0	22	341810.0	1.7976931348623157E308	0.0	387.948800ms	1100	387.948800ms	4.899086973490658E-7	387.948800ms	1100	387.948800ms	4.899086973490658E-7	372.010600ms	100	372.010600ms	0.0	0s	0	0s	0.0	0s	0	0s	0.0	
807	387199	408	3508354	1200	75	222556.0	25	301814.0	80	308521.0	34	370088.0	22	341810.0	1.7976931348623157E308	0.0	368.182800ms	1100	368.182800ms	0.0	368.182800ms	1100	368.182800ms	0.0	374.057ms	100	374.057ms	2.7226855111184387E-4	0s	0	0s	0.0	0s	0	0s	0.0	
808	387704	505	3509628	1274	75	222517.0	25	301814.0	80	308521.0	34	370088.0	22	341810.0	1.7976931348623157E308	0.0	447.962600ms	1100	447.962600ms	0.0	447.962600ms	1100	447.962600ms	0.0	339.487300ms	100	339.487300ms	0.0	16.751800ms	74	16.751800ms	2.368064788310192E-6	16.751800ms	74	16.751800ms	2.368064788310192E-6	
809	388223	518	3511249	1621	75	222492.0	25	301814.0	80	308521.0	34	370088.0	22	341810.0	1.7976931348623157E308	0.0	430.451100ms	1100	430.451100ms	0.0	430.451100ms	1100	430.451100ms	0.0	384.702ms	100	384.702ms	0.0	47.296800ms	421	47.296800ms	2.6686690366513066E-7	47.296800ms	421	47.296800ms	2.6686690366513066E-7	
810	388829	605	3514450	3201	75	222492.0	25	301814.0	80	308521.0	34	370088.0	22	341810.0	1.7976931348623157E308	0.0	362.691ms	1100	362.691ms	0.0	362.691ms	1100	362.691ms	0.0	390.382700ms	100	390.382700ms	0.0	201.832800ms	2001	201.832800ms	0.0	201.832800ms	2001	201.832800ms	0.0	
811	389257	428	3515674	1224	75	222439.0	25	301814.0	80	308521.0	34	370088.0	22	341810.0	1.7976931348623157E308	0.0	372.477ms	1100	372.477ms	0.0	372.477ms	1100	372.477ms	0.0	418.893300ms	100	418.893300ms	0.0	12.036ms	24	12.036ms	9.92545050308713E-6	12.036ms	24	12.036ms	9.92545050308713E-6	
812	389682	424	3517137	1463	75	222177.0	25	301814.0	80	308521.0	34	370088.0	22	341810.0	1.7976931348623157E308	0.0	351.619300ms	1100	351.619300ms	0.0	351.619300ms	1100	351.619300ms	0.0	387.524800ms	100	387.524800ms	0.0	32.470100ms	263	32.470100ms	4.4785209366664135E-6	32.470100ms	263	32.470100ms	4.4785209366664135E-6	
813	390144	461	3518547	1410	75	222116.0	25	301814.0	80	308521.0	34	370088.0	22	341810.0	1.7976931348623157E308	0.0	381.304800ms	1100	381.304800ms	0.0	381.304800ms	1100	381.304800ms	0.0	379.164700ms	100	379.164700ms	0.0	39.457700ms	210	39.457700ms	1.3074089148571284E-6	39.457700ms	210	39.457700ms	1.3074089148571284E-6	
814	390643	499	3520514	1967	75	222103.0	25	301814.0	80	308521.0	34	370088.0	22	341810.0	1.7976931348623157E308	0.0	384.271500ms	1100	384.271500ms	0.0	384.271500ms	1100	384.271500ms	0.0	377.828400ms	100	377.828400ms	0.0	75.372400ms	767	75.372400ms	7.630766150291438E-8	75.372400ms	767	75.372400ms	7.630766150291438E-8	
815	391093	450	3521926	1412	75	222082.0	25	301814.0	80	308521.0	34	370088.0	22	341810.0	1.7976931348623157E308	0.0	378.485300ms	1100	378.485300ms	0.0	378.485300ms	1100	378.485300ms	0.0	412.822200ms	100	412.822200ms	0.0	28.433100ms	212	28.433100ms	4.459939927585084E-7	28.433100ms	212	28.433100ms	4.459939927585084E-7	
816	391568	474	3523335	1409	75	222078.0	25	301814.0	80	308521.0	34	370088.0	22	341810.0	1.7976931348623157E308	0.0	380.807200ms	1100	380.807200ms	0.0	380.807200ms	1100	380.807200ms	0.0	414.694200ms	100	414.694200ms	0.0	49.140900ms	209	49.140900ms	8.617878072456024E-8	49.140900ms	209	49.140900ms	8.617878072456024E-8	
817	392059	490	3525267	1932	75	222065.0	25	301814.0	80	308521.0	34	370088.0	22	341810.0	1.7976931348623157E308	0.0	375.421ms	1100	375.421ms	0.0	375.421ms	1100	375.421ms	0.0	385.970100ms	100	385.970100ms	0.0	74.369900ms	732	74.369900ms	7.996993327362476E-8	74.369900ms	732	74.369900ms	7.996993327362476E-8	
818	392574	515	3527579	2312	75	221990.0	25	301814.0	80	308521.0	34	370088.0	22	341810.0	1.7976931348623157E308	0.0	369.390900ms	1100	369.390900ms	0.0	369.390900ms	1100	369.390900ms	0.0	385.073800ms	100	385.073800ms	1.1191469431767409E-4	106.370800ms	1112	106.370800ms	3.0372207761448666E-7	106.370800ms	1112	106.370800ms	3.0372207761448666E-7	
819	393021	447	3528850	1271	75	221970.0	25	301814.0	80	308521.0	34	370088.0	22	341810.0	1.7976931348623157E308	0.0	390.616ms	1100	390.616ms	0.0	390.616ms	1100	390.616ms	0.0	369.360900ms	100	369.360900ms	0.0	16.319500ms	72	16.319500ms	1.251307616458493E-6	16.319500ms	72	16.319500ms	1.251307616458493E-6	
820	393447	425	3530158	1308	75	221969.0	25	301814.0	80	308521.0	34	370088.0	22	341810.0	1.7976931348623157E308	0.0	360.224ms	1100	360.224ms	0.0	360.224ms	1100	360.224ms	0.0	392.564ms	100	392.564ms	0.0	23.513700ms	108	23.513700ms	4.171401207066885E-8	23.513700ms	108	23.513700ms	4.171401207066885E-8	
821	394002	554	3532015	1857	75	221873.0	25	301814.0	80	308521.0	34	370088.0	22	341810.0	1.7976931348623157E308	0.0	446.620600ms	1100	446.620600ms	2.744394471888466E-7	446.620600ms	1100	446.620600ms	2.744394471888466E-7	407.923200ms	100	407.923200ms	0.0	66.487900ms	657	66.487900ms	1.9885673423501187E-7	66.487900ms	657	66.487900ms	1.9885673423501187E-7	
822	394420	418	3533215	1200	75	221873.0	25	301814.0	80	308521.0	34	370088.0	22	341810.0	1.7976931348623157E308	0.0	365.009900ms	1100	365.009900ms	0.0	365.009900ms	1100	365.009900ms	0.0	484.587700ms	100	484.587700ms	0.0	0s	0	0s	0.0	0s	0	0s	0.0	
823	394885	465	3534779	1564	75	221866.0	25	301814.0	80	308521.0	34	370088.0	22	341810.0	1.7976931348623157E308	0.0	379.655900ms	1100	379.655900ms	0.0	379.655900ms	1100	379.655900ms	0.0	426.712400ms	100	426.712400ms	0.0	40.767400ms	364	40.767400ms	8.66746707837054E-8	40.767400ms	364	40.767400ms	8.66746707837054E-8	
824	395347	461	3536426	1647	75	221846.0	25	301814.0	80	308521.0	34	370088.0	22	341810.0	1.7976931348623157E308	0.0	363.125ms	1100	363.125ms	0.0	363.125ms	1100	363.125ms	0.0	356.212600ms	100	356.212600ms	0.0	60.456600ms	447	60.456600ms	2.0166555175869293E-7	60.456600ms	447	60.456600ms	2.0166555175869293E-7	
825	395761	414	3537629	1203	75	221784.0	25	301814.0	80	308521.0	34	370088.0	22	341810.0	1.7976931348623157E308	0.0	364.137300ms	1100	364.137300ms	0.0	364.137300ms	1100	364.137300ms	0.0	367.852300ms	100	367.852300ms	0.0	10.158600ms	3	10.158600ms	9.315771601322205E-5	10.158600ms	3	10.158600ms	9.315771601322205E-5	
826	396364	602	3540830	3201	75	221784.0	25	301814.0	80	308521.0	34	370088.0	22	341810.0	1.7976931348623157E308	0.0	358.519700ms	1100	358.519700ms	0.0	358.519700ms	1100	358.519700ms	0.0	409.230900ms	100	409.230900ms	0.0	201.326800ms	2001	201.326800ms	0.0	201.326800ms	2001	201.326800ms	0.0	
827	396895	531	3542201	1371	75	221715.0	25	301814.0	80	308521.0	34	370088.0	22	341810.0	1.7976931348623157E308	0.0	467.139100ms	1100	467.139100ms	0.0	467.139100ms	1100	467.139100ms	0.0	371.384500ms	100	371.384500ms	0.0	25.196700ms	173	25.196700ms	1.7983440222729653E-6	25.196700ms	173	25.196700ms	1.7983440222729653E-6	
828	397356	460	3543730	1529	75	221682.0	25	301814.0	80	308521.0	34	370088.0	22	341810.0	1.7976931348623157E308	0.0	370.385800ms	1100	370.385800ms	0.0	370.385800ms	1100	370.385800ms	0.0	388.139500ms	100	388.139500ms	0.0	49.723500ms	329	49.723500ms	4.5240038503379907E-7	49.723500ms	329	49.723500ms	4.5240038503379907E-7	
829	397970	613	3546931	3201	75	221682.0	25	301814.0	80	308521.0	34	370088.0	22	341810.0	1.7976931348623157E308	0.0	384.364200ms	1100	384.364200ms	0.0	384.364200ms	1100	384.364200ms	0.0	361.942600ms	100	361.942600ms	0.0	190.325900ms	2001	190.325900ms	0.0	190.325900ms	2001	190.325900ms	0.0	
830	398460	490	3549061	2130	75	221675.0	25	301814.0	80	308521.0	34	370088.0	22	341810.0	1.7976931348623157E308	0.0	353.913700ms	1100	353.913700ms	0.0	353.913700ms	1100	353.913700ms	0.0	444.079600ms	100	444.079600ms	0.0	87.872300ms	930	87.872300ms	3.395350872168062E-8	87.872300ms	930	87.872300ms	3.395350872168062E-8	
831	398901	441	3550320	1259	75	221670.0	25	301814.0	80	308521.0	34	370088.0	22	341810.0	1.7976931348623157E308	0.0	378.543200ms	1100	378.543200ms	0.0	378.543200ms	1100	378.543200ms	0.0	446.735100ms	100	446.735100ms	0.0	16.015ms	59	16.015ms	3.822973394010246E-7	16.015ms	59	16.015ms	3.822973394010246E-7	
832	399377	475	3552027	1707	75	221638.0	25	301814.0	80	308521.0	34	370088.0	22	341810.0	1.7976931348623157E308	0.0	358.791100ms	1100	358.791100ms	3.2812355164259865E-8	358.791100ms	1100	358.791100ms	3.2812355164259865E-8	372.709ms	100	372.709ms	0.0	77.089500ms	507	77.089500ms	2.1354841930126374E-7	77.089500ms	507	77.089500ms	2.1354841930126374E-7	
833	399822	444	3553227	1200	75	221638.0	25	301814.0	80	308521.0	34	370088.0	22	341810.0	1.7976931348623157E308	0.0	403.583ms	1100	403.583ms	0.0	403.583ms	1100	403.583ms	0.0	378.360200ms	100	378.360200ms	0.0	0s	0	0s	0.0	0s	0	0s	0.0	
834	400423	601	3556062	2835	75	221549.0	25	301814.0	80	308521.0	34	370088.0	22	341810.0	1.7976931348623157E308	0.0	408.366500ms	1100	408.366500ms	0.0	408.366500ms	1100	408.366500ms	0.0	393.132900ms	100	393.132900ms	0.0	148.098500ms	1635	148.098500ms	2.455998103417365E-7	148.098500ms	1635	148.098500ms	2.455998103417365E-7	
835	400933	510	3557354	1292	75	221525.0	25	301814.0	80	308521.0	34	370088.0	22	341810.0	1.7976931348623157E308	0.0	450.037500ms	1100	450.037500ms	0.0	450.037500ms	1100	450.037500ms	0.0	391.420200ms	100	391.420200ms	0.0	18.034400ms	92	18.034400ms	1.177480219804292E-6	18.034400ms	92	18.034400ms	1.177480219804292E-6	
836	401399	465	3558982	1628	75	221451.0	25	301814.0	80	308521.0	34	370088.0	22	341810.0	1.7976931348623157E308	0.0	375.817500ms	1100	375.817500ms	0.0	375.817500ms	1100	375.817500ms	0.0	387.213100ms	100	387.213100ms	0.0	49.013400ms	428	49.013400ms	7.804861584998195E-7	49.013400ms	428	49.013400ms	7.804861584998195E-7	
837	401986	587	3560981	1999	75	221417.0	25	301814.0	80	308521.0	34	370088.0	22	341810.0	1.7976931348623157E308	0.0	469.246700ms	1100	469.246700ms	0.0	469.246700ms	1100	469.246700ms	0.0	390.065100ms	100	390.065100ms	0.0	78.312400ms	799	78.312400ms	1.9215623993278313E-7	78.312400ms	799	78.312400ms	1.9215623993278313E-7	
838	402421	434	3562248	1267	75	221190.0	25	301814.0	80	308521.0	34	370088.0	22	341810.0	1.7976931348623157E308	0.0	373.587400ms	1100	373.587400ms	0.0	373.587400ms	1100	373.587400ms	0.0	400.606100ms	100	400.606100ms	0.0	15.961600ms	67	15.961600ms	1.5301714418913647E-5	15.961600ms	67	15.961600ms	1.5301714418913647E-5	
839	402837	416	3563581	1333	75	221172.0	25	301814.0	80	308521.0	34	370088.0	22	341810.0	1.7976931348623157E308	0.0	354.188100ms	1100	354.188100ms	0.0	354.188100ms	1100	354.188100ms	0.0	366.164800ms	100	366.164800ms	0.0	22.658ms	133	22.658ms	6.118646677726224E-7	22.658ms	133	22.658ms	6.118646677726224E-7	
840	403325	487	3565367	1786	75	221119.0	25	301814.0	80	308521.0	34	370088.0	22	341810.0	1.7976931348623157E308	0.0	386.012500ms	1100	386.012500ms	0.0	386.012500ms	1100	386.012500ms	0.0	383.605ms	100	383.605ms	0.0	61.047800ms	586	61.047800ms	4.0892918636540933E-7	61.047800ms	586	61.047800ms	4.0892918636540933E-7	
841	403903	578	3567927	2560	75	221083.0	25	301814.0	80	308521.0	34	370088.0	55	341747.0	1.7976931348623157E308	0.0	365.354400ms	1100	365.354400ms	0.0	365.354400ms	1100	365.354400ms	0.0	393.257800ms	100	393.257800ms	8.540429054888232E-4	172.206200ms	1360	172.206200ms	1.1971195706966482E-7	172.206200ms	1360	172.206200ms	1.1971195706966482E-7	
842	404392	488	3569498	1571	75	221026.0	25	301814.0	80	308521.0	34	370088.0	55	341747.0	1.7976931348623157E308	0.0	394.311700ms	1100	394.311700ms	0.0	394.311700ms	1100	394.311700ms	0.0	398.842200ms	100	398.842200ms	0.0	52.665100ms	371	52.665100ms	6.949372589307893E-7	52.665100ms	371	52.665100ms	6.949372589307893E-7	
843	404865	472	3570783	1285	75	220891.0	25	301814.0	80	308521.0	34	370088.0	55	341747.0	1.7976931348623157E308	0.0	411.271300ms	1100	411.271300ms	0.0	411.271300ms	1100	411.271300ms	0.0	410.522300ms	100	410.522300ms	0.0	18.084800ms	85	18.084800ms	7.185739660120483E-6	18.084800ms	85	18.084800ms	7.185739660120483E-6	
844	405434	569	3573667	2884	75	220855.0	25	301814.0	80	308521.0	34	370088.0	55	341747.0	1.7976931348623157E308	0.0	368.104400ms	1100	368.104400ms	0.0	368.104400ms	1100	368.104400ms	0.0	380.221500ms	100	380.221500ms	6.426630701461655E-5	160.791400ms	1684	160.791400ms	9.6779281224767E-8	160.791400ms	1684	160.791400ms	9.6779281224767E-8	
845	405890	455	3575323	1656	75	220631.0	25	301814.0	80	308521.0	34	370088.0	55	341747.0	1.7976931348623157E308	0.0	363.214900ms	1100	363.214900ms	0.0	363.214900ms	1100	363.214900ms	0.0	393.256ms	100	393.256ms	0.0	49.684200ms	456	49.684200ms	2.2242107725677598E-6	49.684200ms	456	49.684200ms	2.2242107725677598E-6	
846	406452	562	3578124	2801	75	220614.0	25	301814.0	80	308521.0	34	370088.0	55	341747.0	1.7976931348623157E308	0.0	362.569300ms	1100	362.569300ms	0.0	362.569300ms	1100	362.569300ms	0.0	378.965600ms	100	378.965600ms	0.0	158.720500ms	1601	158.720500ms	4.8127251033616516E-8	158.720500ms	1601	158.720500ms	4.8127251033616516E-8	
847	407062	610	3581325	3201	75	220614.0	25	301814.0	80	308521.0	34	370088.0	55	341747.0	1.7976931348623157E308	0.0	370.111800ms	1100	370.111800ms	0.0	370.111800ms	1100	370.111800ms	0.0	371.495ms	100	371.495ms	0.0	199.943800ms	2001	199.943800ms	0.0	199.943800ms	2001	199.943800ms	0.0	
848	407548	485	3583263	1938	75	220595.0	25	301814.0	80	308521.0	34	370088.0	55	341747.0	1.7976931348623157E308	0.0	369.541700ms	1100	369.541700ms	0.0	369.541700ms	1100	369.541700ms	0.0	390.817300ms	100	390.817300ms	0.0	75.178200ms	738	75.178200ms	1.1669820343486515E-7	75.178200ms	738	75.178200ms	1.1669820343486515E-7	
849	408035	487	3584544	1281	75	220577.0	25	301814.0	80	308521.0	34	370088.0	55	341747.0	1.7976931348623157E308	0.0	430.258800ms	1100	430.258800ms	0.0	430.258800ms	1100	430.258800ms	0.0	385.856900ms	100	385.856900ms	0.0	17.114ms	81	17.114ms	1.007376514528117E-6	17.114ms	81	17.114ms	1.007376514528117E-6	
850	408441	405	3585751	1207	75	220568.0	25	301814.0	80	308521.0	34	370088.0	16	341667.0	1.7976931348623157E308	0.0	353.944400ms	1100	353.944400ms	0.0	353.944400ms	1100	353.944400ms	0.0	370.609100ms	100	370.609100ms	5.628715122133554E-4	10.526800ms	7	10.526800ms	5.828868312256803E-6	10.526800ms	7	10.526800ms	5.828868312256803E-6	
851	408889	448	3587379	1628	75	220548.0	25	301814.0	80	308521.0	34	370088.0	16	341667.0	1.7976931348623157E308	0.0	360.842800ms	1100	360.842800ms	0.0	360.842800ms	1100	360.842800ms	0.0	368.329800ms	100	368.329800ms	0.0	47.296300ms	428	47.296300ms	2.118574406197651E-7	47.296300ms	428	47.296300ms	2.118574406197651E-7	
852	409299	409	3588661	1282	75	220539.0	25	301814.0	80	308521.0	34	370088.0	16	341667.0	1.7976931348623157E308	0.0	350.570200ms	1100	350.570200ms	0.0	350.570200ms	1100	350.570200ms	0.0	377.464600ms	100	377.464600ms	0.0	17.684700ms	83	17.684700ms	4.916559431037696E-7	17.684700ms	83	17.684700ms	4.916559431037696E-7	
853	409768	469	3589873	1212	75	220199.0	25	301814.0	80	308521.0	34	370088.0	16	341667.0	1.7976931348623157E308	0.0	416.648100ms	1100	416.648100ms	0.0	416.648100ms	1100	416.648100ms	0.0	405.768900ms	100	405.768900ms	0.0	11.053200ms	12	11.053200ms	1.2847311964474714E-4	11.053200ms	12	11.053200ms	1.2847311964474714E-4	
854	410241	472	3591146	1273	75	220189.0	25	301814.0	80	308521.0	34	370088.0	85	341592.0	1.7976931348623157E308	0.0	405.735400ms	1100	405.735400ms	0.0	405.735400ms	1100	405.735400ms	0.0	370.646700ms	100	370.646700ms	5.630747465220464E-4	26.554300ms	73	26.554300ms	6.221022864308178E-7	26.554300ms	73	26.554300ms	6.221022864308178E-7	
855	410677	436	3592731	1585	75	220180.0	25	301814.0	80	308521.0	34	370088.0	85	341592.0	1.7976931348623157E308	0.0	354.004900ms	1100	354.004900ms	2.8901053938833566E-8	354.004900ms	1100	354.004900ms	2.8901053938833566E-8	358.414600ms	100	358.414600ms	0.0	43.088100ms	385	43.088100ms	2.3592482797965515E-8	43.088100ms	385	43.088100ms	2.3592482797965515E-8	
856	411078	401	3593931	1200	75	220180.0	25	301814.0	80	308521.0	34	370088.0	85	341592.0	1.7976931348623157E308	0.0	356.827100ms	1100	356.827100ms	0.0	356.827100ms	1100	356.827100ms	0.0	414.254600ms	100	414.254600ms	0.0	0s	0	0s	0.0	0s	0	0s	0.0	
857	411678	599	3597131	3200	75	220180.0	25	301814.0	80	308521.0	34	370088.0	85	341592.0	1.7976931348623157E308	0.0	366.636ms	1100	366.636ms	0.0	366.636ms	1100	366.636ms	0.0	397.952400ms	100	397.952400ms	0.0	192.017200ms	2001	192.017200ms	0.0	192.017200ms	2001	192.017200ms	0.0	
858	412244	565	3599904	2773	75	220106.0	25	301814.0	80	308521.0	34	370088.0	85	341592.0	1.7976931348623157E308	0.0	372.174100ms	1100	372.174100ms	0.0	372.174100ms	1100	372.174100ms	0.0	390.257700ms	100	390.257700ms	0.0	153.186500ms	1573	153.186500ms	2.136609375314679E-7	153.186500ms	1573	153.186500ms	2.136609375314679E-7	
859	412680	436	3601206	1302	75	220092.0	25	301814.0	80	308521.0	34	370088.0	85	341592.0	1.7976931348623157E308	0.0	374.165400ms	1100	374.165400ms	4.130485336186561E-9	374.165400ms	1100	374.165400ms	4.130485336186561E-9	394.694800ms	100	394.694800ms	0.0	19.354300ms	102	19.354300ms	5.790436443903963E-7	19.354300ms	102	19.354300ms	5.790436443903963E-7	
860	413075	394	3602406	1200	75	220092.0	25	301814.0	80	308521.0	34	370088.0	85	341592.0	1.7976931348623157E308	0.0	354.407800ms	1100	354.407800ms	0.0	354.407800ms	1100	354.407800ms	0.0	369.191500ms	100	369.191500ms	0.0	0s	0	0s	0.0	0s	0	0s	0.0	
861	413497	421	3603635	1229	75	220048.0	25	301814.0	80	308521.0	34	370088.0	85	341592.0	1.7976931348623157E308	0.0	364.812100ms	1100	364.812100ms	0.0	364.812100ms	1100	364.812100ms	0.0	388.114500ms	100	388.114500ms	7.864183426764793E-4	13.269200ms	29	13.269200ms	6.893668917136394E-6	13.269200ms	29	13.269200ms	6.893668917136394E-6	
862	413909	412	3604851	1216	75	220010.0	25	301814.0	80	308521.0	34	370088.0	85	341592.0	1.7976931348623157E308	0.0	359.313300ms	1100	359.313300ms	0.0	359.313300ms	1100	359.313300ms	0.0	386.005100ms	100	386.005100ms	0.0	11.665600ms	16	11.665600ms	1.079309968734371E-5	11.665600ms	16	11.665600ms	1.079309968734371E-5	
863	414509	599	3608052	3201	75	220010.0	25	301814.0	80	308521.0	34	370088.0	85	341592.0	1.7976931348623157E308	0.0	358.081400ms	1100	358.081400ms	0.0	358.081400ms	1100	358.081400ms	0.0	377.134900ms	100	377.134900ms	0.0	201.312400ms	2001	201.312400ms	0.0	201.312400ms	2001	201.312400ms	0.0	
864	415174	665	3611253	3201	75	219973.0	25	301814.0	80	308521.0	34	370088.0	85	341592.0	1.7976931348623157E308	0.0	391.656800ms	1100	391.656800ms	1.5288561263739696E-7	391.656800ms	1100	391.656800ms	1.5288561263739696E-7	368.147ms	100	368.147ms	0.0	233.663400ms	2001	233.663400ms	0.0	233.663400ms	2001	233.663400ms	0.0	
865	415600	425	3612453	1200	75	219973.0	25	301814.0	80	308521.0	34	370088.0	85	341592.0	1.7976931348623157E308	0.0	384.687600ms	1100	384.687600ms	0.0	384.687600ms	1100	384.687600ms	0.0	378.741300ms	100	378.741300ms	0.0	0s	0	0s	0.0	0s	0	0s	0.0	
866	416093	493	3614478	2025	75	219909.0	25	301814.0	80	308521.0	34	370088.0	85	341592.0	1.7976931348623157E308	0.0	352.304500ms	1100	352.304500ms	0.0	352.304500ms	1100	352.304500ms	0.0	371.108600ms	100	371.108600ms	0.0	101.088900ms	825	101.088900ms	3.5266036093404485E-7	101.088900ms	825	101.088900ms	3.5266036093404485E-7	
867	416552	458	3616069	1591	75	219834.0	25	301814.0	80	308521.0	34	370088.0	61	341300.0	1.7976931348623157E308	0.0	353.765500ms	1100	353.765500ms	0.0	353.765500ms	1100	353.765500ms	0.0	362.165700ms	100	362.165700ms	5.847956518670149E-4	65.795500ms	391	65.795500ms	8.722510528331257E-7	65.795500ms	391	65.795500ms	8.722510528331257E-7	
868	416971	418	3617276	1207	75	219799.0	25	301814.0	80	308521.0	34	370088.0	61	341300.0	1.7976931348623157E308	0.0	368.059200ms	1100	368.059200ms	0.0	368.059200ms	1100	368.059200ms	0.0	370.187800ms	100	370.187800ms	0.0	10.801500ms	7	10.801500ms	2.2744434436886402E-5	10.801500ms	7	10.801500ms	2.2744434436886402E-5	
869	417451	480	3619015	1739	75	219798.0	25	301814.0	80	308521.0	34	370088.0	61	341300.0	1.7976931348623157E308	0.0	368.461700ms	1100	368.461700ms	0.0	368.461700ms	1100	368.461700ms	0.0	429.871300ms	100	429.871300ms	0.0	66.21ms	539	66.21ms	8.440837172076141E-9	66.21ms	539	66.21ms	8.440837172076141E-9	
870	418040	588	3622216	3201	75	219798.0	25	301814.0	80	308521.0	34	370088.0	61	341300.0	1.7976931348623157E308	0.0	358.744900ms	1100	358.744900ms	0.0	358.744900ms	1100	358.744900ms	0.0	386.291700ms	100	386.291700ms	0.0	189.442900ms	2001	189.442900ms	0.0	189.442900ms	2001	189.442900ms	0.0	
871	418508	468	3624197	1981	75	219619.0	25	301814.0	80	308521.0	34	370088.0	61	341300.0	1.7976931348623157E308	0.0	350.784200ms	1100	350.784200ms	0.0	350.784200ms	1100	350.784200ms	0.0	371.635900ms	100	371.635900ms	1.54053619590262E-4	77.592300ms	781	77.592300ms	1.0427453474071076E-6	77.592300ms	781	77.592300ms	1.0427453474071076E-6	
872	419010	502	3626256	2059	75	219588.0	25	301814.0	80	308521.0	34	370088.0	61	341300.0	1.7976931348623157E308	0.0	376.3ms	1100	376.3ms	0.0	376.3ms	1100	376.3ms	0.0	395.338800ms	100	395.338800ms	6.125604843515365E-4	83.198500ms	859	83.198500ms	1.643231003277768E-7	83.198500ms	859	83.198500ms	1.643231003277768E-7	
873	419466	455	3627592	1336	75	219145.0	25	301814.0	80	308521.0	34	370088.0	61	341300.0	1.7976931348623157E308	0.0	387.591ms	1100	387.591ms	0.0	387.591ms	1100	387.591ms	0.0	406.886900ms	100	406.886900ms	0.0	25.816500ms	136	25.816500ms	1.4833929637213658E-5	25.816500ms	136	25.816500ms	1.4833929637213658E-5	
874	420070	604	3630793	3201	75	219145.0	25	301814.0	80	308521.0	34	370088.0	61	341300.0	1.7976931348623157E308	0.0	366.370700ms	1100	366.370700ms	0.0	366.370700ms	1100	366.370700ms	0.0	428.029100ms	100	428.029100ms	3.522115802981784E-5	192.336ms	2001	192.336ms	0.0	192.336ms	2001	192.336ms	0.0	
875	420812	742	3633994	3201	75	219145.0	25	301814.0	80	308521.0	34	370088.0	29	340735.0	1.7976931348623157E308	0.0	357.173500ms	1100	357.173500ms	0.0	357.173500ms	1100	357.173500ms	0.0	371.118800ms	100	371.118800ms	4.310806562416314E-4	345.393900ms	2001	345.393900ms	0.0	345.393900ms	2001	345.393900ms	0.0	
876	421405	592	3637194	3200	75	219145.0	25	301814.0	80	308521.0	34	370088.0	39	340505.0	1.7976931348623157E308	0.0	350.099800ms	1100	350.099800ms	0.0	350.099800ms	1100	350.099800ms	0.0	371.492500ms	100	371.492500ms	6.764896596443304E-4	202.453700ms	2001	202.453700ms	0.0	202.453700ms	2001	202.453700ms	0.0	
877	421832	427	3638585	1391	75	219103.0	25	301814.0	80	308521.0	34	370088.0	39	340505.0	1.7976931348623157E308	0.0	360.972300ms	1100	360.972300ms	0.0	360.972300ms	1100	360.972300ms	0.0	370.938600ms	100	370.938600ms	0.0	27.069ms	191	27.069ms	1.0034237055747003E-6	27.069ms	191	27.069ms	1.0034237055747003E-6	
878	422299	466	3640276	1691	75	218945.0	25	301814.0	80	308521.0	34	370088.0	39	340505.0	1.7976931348623157E308	0.0	372.616500ms	1100	372.616500ms	1.2869820519976407E-7	372.616500ms	1100	372.616500ms	1.2869820519976407E-7	383.087900ms	100	383.087900ms	0.0	53.238800ms	491	53.238800ms	1.1805215103427547E-6	53.238800ms	491	53.238800ms	1.1805215103427547E-6	
879	422736	436	3641476	1200	75	218945.0	25	301814.0	80	308521.0	34	370088.0	39	340505.0	1.7976931348623157E308	0.0	385.779800ms	1100	385.779800ms	0.0	385.779800ms	1100	385.779800ms	0.0	460.190900ms	100	460.190900ms	0.0	0s	0	0s	0.0	0s	0	0s	0.0	
880	423233	497	3643075	1599	75	218922.0	25	301814.0	80	308521.0	34	370088.0	39	340505.0	1.7976931348623157E308	0.0	402.379700ms	1100	402.379700ms	8.304399421676934E-8	402.379700ms	1100	402.379700ms	8.304399421676934E-8	368.023700ms	100	368.023700ms	0.0	55.698200ms	400	55.698200ms	3.425517824118263E-8	55.698200ms	400	55.698200ms	3.425517824118263E-8	
881	423669	435	3644275	1200	75	218922.0	25	301814.0	80	308521.0	34	370088.0	39	340505.0	1.7976931348623157E308	0.0	394.672ms	1100	394.672ms	0.0	394.672ms	1100	394.672ms	0.0	383.543100ms	100	383.543100ms	0.0	0s	0	0s	0.0	0s	0	0s	0.0	
882	424292	623	3647476	3201	75	218922.0	25	301814.0	80	308521.0	34	370088.0	39	340505.0	1.7976931348623157E308	0.0	372.853500ms	1100	372.853500ms	0.0	372.853500ms	1100	372.853500ms	0.0	383.776200ms	100	383.776200ms	8.406006352873252E-5	210.049500ms	2001	210.049500ms	0.0	210.049500ms	2001	210.049500ms	0.0	
883	424732	440	3648845	1369	75	218918.0	25	301814.0	80	308521.0	34	370088.0	39	340505.0	1.7976931348623157E308	0.0	374.169600ms	1100	374.169600ms	0.0	374.169600ms	1100	374.169600ms	0.0	387.402200ms	100	387.402200ms	0.0	25.005800ms	169	25.005800ms	1.0811448394071497E-7	25.005800ms	169	25.005800ms	1.0811448394071497E-7	
884	425184	451	3650258	1413	75	218882.0	25	301814.0	80	308521.0	34	370088.0	39	340505.0	1.7976931348623157E308	0.0	376.593800ms	1100	376.593800ms	0.0	376.593800ms	1100	376.593800ms	0.0	422.194200ms	100	422.194200ms	4.2061700526711766E-4	28.732500ms	213	28.732500ms	7.720428859526973E-7	28.732500ms	213	28.732500ms	7.720428859526973E-7	
885	425690	506	3651876	1618	75	218780.0	25	301814.0	80	308521.0	34	370088.0	39	340505.0	1.7976931348623157E308	0.0	386.853600ms	1100	386.853600ms	0.0	386.853600ms	1100	386.853600ms	0.0	382.771ms	100	382.771ms	0.0	79.230400ms	418	79.230400ms	1.1148433345636254E-6	79.230400ms	418	79.230400ms	1.1148433345636254E-6	
886	426108	417	3653120	1244	75	218762.0	25	301814.0	80	308521.0	34	370088.0	39	340505.0	1.7976931348623157E308	0.0	361.563ms	1100	361.563ms	0.0	361.563ms	1100	361.563ms	0.0	377.806300ms	100	377.806300ms	0.0	15.247100ms	44	15.247100ms	1.8698734303460283E-6	15.247100ms	44	15.247100ms	1.8698734303460283E-6	
887	426576	467	3654594	1474	75	218626.0	25	301814.0	80	308521.0	34	370088.0	39	340505.0	1.7976931348623157E308	0.0	392.168400ms	1100	392.168400ms	0.0	392.168400ms	1100	392.168400ms	0.0	394.317500ms	100	394.317500ms	0.0	34.518800ms	274	34.518800ms	2.2689057741449807E-6	34.518800ms	274	34.518800ms	2.2689057741449807E-6	
888	427181	604	3657713	3119	75	218618.0	25	301814.0	80	308521.0	34	370088.0	94	340263.0	1.7976931348623157E308	0.0	361.023800ms	1100	361.023800ms	0.0	361.023800ms	1100	361.023800ms	0.0	396.456300ms	100	396.456300ms	4.944686840253343E-4	203.450200ms	1919	203.450200ms	1.906835388481787E-8	203.450200ms	1919	203.450200ms	1.906835388481787E-8	
889	427618	437	3659167	1454	75	218615.0	25	301814.0	80	308521.0	34	370088.0	94	340263.0	1.7976931348623157E308	0.0	360.667800ms	1100	360.667800ms	0.0	360.667800ms	1100	360.667800ms	0.0	399.073ms	100	399.073ms	0.0	32.844500ms	255	32.844500ms	5.3813985501300985E-8	32.844500ms	255	32.844500ms	5.3813985501300985E-8	
890	428085	467	3660632	1465	75	218516.0	25	301814.0	80	308521.0	34	370088.0	94	340263.0	1.7976931348623157E308	0.0	382.088800ms	1100	382.088800ms	0.0	382.088800ms	1100	382.088800ms	0.0	379.992600ms	100	379.992600ms	0.0	44.977900ms	265	44.977900ms	1.7088713293248898E-6	44.977900ms	265	44.977900ms	1.7088713293248898E-6	
891	428657	571	3663738	3106	75	218509.0	25	301814.0	80	308521.0	34	370088.0	94	340263.0	1.7976931348623157E308	0.0	349.109900ms	1100	349.109900ms	0.0	349.109900ms	1100	349.109900ms	0.0	385.091300ms	100	385.091300ms	0.0	182.192200ms	1907	182.192200ms	1.6798252497974028E-8	182.192200ms	1907	182.192200ms	1.6798252497974028E-8	
892	429093	435	3665092	1354	75	218378.0	25	301814.0	80	308521.0	34	370088.0	94	340263.0	1.7976931348623157E308	0.0	371.587100ms	1100	371.587100ms	0.0	371.587100ms	1100	371.587100ms	0.0	395.150300ms	100	395.150300ms	4.329366003314483E-4	24.146100ms	154	24.146100ms	3.892971688348399E-6	24.146100ms	154	24.146100ms	3.892971688348399E-6	
893	429688	595	3667185	2093	75	218288.0	25	301814.0	80	308521.0	34	370088.0	94	340263.0	1.7976931348623157E308	0.0	414.892400ms	1100	414.892400ms	0.0	414.892400ms	1100	414.892400ms	0.0	693.597300ms	100	693.597300ms	0.0	96.966900ms	893	96.966900ms	4.615111164130992E-7	96.966900ms	893	96.966900ms	4.615111164130992E-7	
894	430122	434	3668621	1436	75	218239.0	25	301814.0	80	308521.0	34	370088.0	94	340263.0	1.7976931348623157E308	0.0	363.090100ms	1100	363.090100ms	0.0	363.090100ms	1100	363.090100ms	0.0	374.754400ms	100	374.754400ms	1.6406753086765425E-4	30.511900ms	236	30.511900ms	9.511613952394285E-7	30.511900ms	236	30.511900ms	9.511613952394285E-7	
895	430730	608	3671822	3201	75	218239.0	25	301814.0	80	308521.0	34	370088.0	94	340263.0	1.7976931348623157E308	0.0	375.651100ms	1100	375.651100ms	0.0	375.651100ms	1100	375.651100ms	0.0	398.793500ms	100	398.793500ms	0.0	190.282300ms	2001	190.282300ms	0.0	190.282300ms	2001	190.282300ms	0.0	
896	431341	610	3675023	3201	75	218239.0	25	301814.0	80	308521.0	34	370088.0	94	340263.0	1.7976931348623157E308	0.0	358.607700ms	1100	358.607700ms	0.0	358.607700ms	1100	358.607700ms	0.0	381.963200ms	100	381.963200ms	0.0	211.367700ms	2001	211.367700ms	0.0	211.367700ms	2001	211.367700ms	0.0	
897	431819	478	3676965	1942	75	218238.0	25	301814.0	80	308521.0	34	370088.0	94	340263.0	1.7976931348623157E308	0.0	354.102100ms	1100	354.102100ms	0.0	354.102100ms	1100	354.102100ms	0.0	366.330400ms	100	366.330400ms	0.0	84.733800ms	742	84.733800ms	6.175380637220603E-9	84.733800ms	742	84.733800ms	6.175380637220603E-9	
898	432263	443	3678330	1365	75	218174.0	25	301814.0	80	308521.0	34	370088.0	94	340263.0	1.7976931348623157E308	0.0	378.215900ms	1100	378.215900ms	0.0	378.215900ms	1100	378.215900ms	0.0	381.458600ms	100	381.458600ms	0.0	24.490200ms	165	24.490200ms	1.7773201178471576E-6	24.490200ms	165	24.490200ms	1.7773201178471576E-6	
899	432696	433	3679739	1409	75	218159.0	25	301814.0	80	308521.0	34	370088.0	94	340263.0	1.7976931348623157E308	0.0	361.532500ms	1100	361.532500ms	0.0	361.532500ms	1100	361.532500ms	0.0	404.128700ms	100	404.128700ms	3.0497231511430247E-4	29.037700ms	209	29.037700ms	3.289591561240071E-7	29.037700ms	209	29.037700ms	3.289591561240071E-7	
900	433129	432	3681043	1304	75	218154.0	25	301814.0	80	308521.0	34	370088.0	94	340263.0	1.7976931348623157E308	0.0	372.454200ms	1100	372.454200ms	0.0	372.454200ms	1100	372.454200ms	0.0	375.517700ms	100	375.517700ms	0.0	19.629400ms	104	19.629400ms	2.2037561171857239E-7	19.629400ms	104	19.629400ms	2.2037561171857239E-7	
901	433728	598	3684244	3201	75	218154.0	25	301814.0	80	308521.0	34	370088.0	94	340263.0	1.7976931348623157E308	0.0	357.012800ms	1100	357.012800ms	0.0	357.012800ms	1100	357.012800ms	0.0	367.663100ms	100	367.663100ms	0.0	201.958800ms	2001	201.958800ms	0.0	201.958800ms	2001	201.958800ms	0.0	
902	434310	582	3687194	2950	75	218134.0	25	301814.0	80	308521.0	34	370088.0	94	340263.0	1.7976931348623157E308	0.0	369.635200ms	1100	369.635200ms	0.0	369.635200ms	1100	369.635200ms	0.0	372.914400ms	100	372.914400ms	0.0	172.919400ms	1750	172.919400ms	5.238763180402474E-8	172.919400ms	1750	172.919400ms	5.238763180402474E-8	
903	434754	443	3688424	1230	75	218131.0	25	301814.0	80	308521.0	34	370088.0	94	340263.0	1.7976931348623157E308	0.0	378.938800ms	1100	378.938800ms	0.0	378.938800ms	1100	378.938800ms	0.0	376.645900ms	100	376.645900ms	0.0	23.679300ms	30	23.679300ms	4.5843380674185734E-7	23.679300ms	30	23.679300ms	4.5843380674185734E-7	
904	435225	471	3690042	1618	75	218120.0	25	301814.0	80	308521.0	34	370088.0	94	340263.0	1.7976931348623157E308	0.0	387.899100ms	1100	387.899100ms	0.0	387.899100ms	1100	387.899100ms	0.0	333.951100ms	100	333.951100ms	0.0	47.078300ms	419	47.078300ms	1.2035420592913855E-7	47.078300ms	419	47.078300ms	1.2035420592913855E-7	
905	435738	512	3691265	1223	75	218108.0	25	301814.0	80	308521.0	34	370088.0	94	340263.0	1.7976931348623157E308	0.0	451.917700ms	1100	451.917700ms	0.0	451.917700ms	1100	451.917700ms	0.0	451.412800ms	100	451.412800ms	0.0	11.639ms	23	11.639ms	2.3919820760824306E-6	11.639ms	23	11.639ms	2.3919820760824306E-6	
906	436194	456	3692711	1446	75	218098.0	25	301814.0	80	308521.0	34	370088.0	60	340187.0	1.7976931348623157E308	0.0	380.982700ms	1100	380.982700ms	0.0	380.982700ms	1100	380.982700ms	0.0	386.798400ms	100	386.798400ms	1.7533132441999944E-4	31.461600ms	246	31.461600ms	1.8637742083761406E-7	31.461600ms	246	31.461600ms	1.8637742083761406E-7	
907	436631	436	3694053	1342	75	218085.0	25	301814.0	80	308521.0	34	370088.0	60	340187.0	1.7976931348623157E308	0.0	373.680500ms	1100	373.680500ms	0.0	373.680500ms	1100	373.680500ms	0.0	390.941300ms	100	390.941300ms	0.0	22.440400ms	142	22.440400ms	4.197621976113017E-7	22.440400ms	142	22.440400ms	4.197621976113017E-7	
908	437077	445	3695512	1459	75	218076.0	25	301814.0	80	308521.0	34	370088.0	60	340187.0	1.7976931348623157E308	0.0	372.249500ms	1100	372.249500ms	0.0	372.249500ms	1100	372.249500ms	0.0	391.055300ms	100	391.055300ms	0.0	32.376ms	259	32.376ms	1.5933711511124943E-7	32.376ms	259	32.376ms	1.5933711511124943E-7	
909	437625	548	3698090	2578	75	218049.0	25	301814.0	80	308521.0	34	370088.0	60	340187.0	1.7976931348623157E308	0.0	350.564700ms	1100	350.564700ms	0.0	350.564700ms	1100	350.564700ms	0.0	383.737400ms	100	383.737400ms	0.0	156.998300ms	1378	156.998300ms	8.984763996604309E-8	156.998300ms	1378	156.998300ms	8.984763996604309E-8	
910	438062	437	3699446	1356	75	218033.0	25	301814.0	80	308521.0	34	370088.0	60	340187.0	1.7976931348623157E308	0.0	371.955600ms	1100	371.955600ms	0.0	371.955600ms	1100	371.955600ms	0.0	382.161600ms	100	382.161600ms	0.0	23.913600ms	157	23.913600ms	4.673758101414248E-7	23.913600ms	157	23.913600ms	4.673758101414248E-7	
911	438748	685	3702646	3200	75	218033.0	25	301814.0	80	308521.0	34	370088.0	60	340187.0	1.7976931348623157E308	0.0	452.720200ms	1100	452.720200ms	0.0	452.720200ms	1100	452.720200ms	0.0	368.833400ms	100	368.833400ms	0.0	193.463600ms	2001	193.463600ms	0.0	193.463600ms	2001	193.463600ms	0.0	
912	439391	642	3705847	3201	75	218033.0	25	301814.0	80	308521.0	34	370088.0	60	340187.0	1.7976931348623157E308	0.0	410.044800ms	1100	410.044800ms	0.0	410.044800ms	1100	410.044800ms	0.0	409.212900ms	100	409.212900ms	0.0	189.861700ms	2001	189.861700ms	0.0	189.861700ms	2001	189.861700ms	0.0	
913	439879	487	3707652	1805	75	218014.0	25	301814.0	80	308521.0	34	370088.0	60	340187.0	1.7976931348623157E308	0.0	372.82ms	1100	372.82ms	0.0	372.82ms	1100	372.82ms	0.0	369.080900ms	100	369.080900ms	0.0	75.073800ms	605	75.073800ms	1.4403763961281587E-7	75.073800ms	605	75.073800ms	1.4403763961281587E-7	
914	440461	582	3710693	3041	75	217897.0	25	301814.0	80	308521.0	34	370088.0	97	340067.0	1.7976931348623157E308	0.0	370.391400ms	1100	370.391400ms	0.0	370.391400ms	1100	370.391400ms	0.0	377.913100ms	100	377.913100ms	7.708702469841666E-4	171.105100ms	1841	171.105100ms	2.915061288017551E-7	171.105100ms	1841	171.105100ms	2.915061288017551E-7	
915	441151	689	3713894	3201	75	217897.0	25	301814.0	80	308521.0	34	370088.0	97	340067.0	1.7976931348623157E308	0.0	445.585900ms	1100	445.585900ms	0.0	445.585900ms	1100	445.585900ms	0.0	385.679400ms	100	385.679400ms	0.0	203.615500ms	2001	203.615500ms	0.0	203.615500ms	2001	203.615500ms	0.0	
916	441742	591	3717095	3201	75	217897.0	25	301814.0	80	308521.0	34	370088.0	1	340006.0	1.7976931348623157E308	0.0	368.512100ms	1100	368.512100ms	0.0	368.512100ms	1100	368.512100ms	0.0	412.938300ms	100	412.938300ms	2.4497549662313767E-4	179.063100ms	2001	179.063100ms	0.0	179.063100ms	2001	179.063100ms	0.0	
917	442354	611	3720296	3201	75	217897.0	25	301814.0	80	308521.0	34	370088.0	1	340006.0	1.7976931348623157E308	0.0	358.802900ms	1100	358.802900ms	0.0	358.802900ms	1100	358.802900ms	0.0	365.254700ms	100	365.254700ms	0.0	212.293200ms	2001	212.293200ms	0.0	212.293200ms	2001	212.293200ms	0.0	
918	442935	581	3723497	3201	75	217897.0	25	301814.0	80	308521.0	34	370088.0	21	339649.0	1.7976931348623157E308	0.0	351.475200ms	1100	351.475200ms	0.0	351.475200ms	1100	351.475200ms	0.0	379.005200ms	100	379.005200ms	3.884595539425706E-4	189.423600ms	2001	189.423600ms	0.0	189.423600ms	2001	189.423600ms	0.0	
919	443561	626	3726698	3201	75	217897.0	25	301814.0	80	308521.0	34	370088.0	21	339649.0	1.7976931348623157E308	0.0	384.975400ms	1100	384.975400ms	0.0	384.975400ms	1100	384.975400ms	0.0	382.927100ms	100	382.927100ms	0.0	200.868700ms	2001	200.868700ms	0.0	200.868700ms	2001	200.868700ms	0.0	
920	444162	600	3729899	3201	75	217897.0	25	301814.0	80	308521.0	34	370088.0	21	339649.0	1.7976931348623157E308	0.0	369.277300ms	1100	369.277300ms	0.0	369.277300ms	1100	369.277300ms	0.0	375.713600ms	100	375.713600ms	0.0	190.959400ms	2001	190.959400ms	0.0	190.959400ms	2001	190.959400ms	0.0	
921	444754	592	3733100	3201	75	217897.0	25	301814.0	80	308521.0	34	370088.0	21	339649.0	1.7976931348623157E308	0.0	350.335300ms	1100	350.335300ms	0.0	350.335300ms	1100	350.335300ms	0.0	371.682600ms	100	371.682600ms	0.0010150255700741928	201.754300ms	2001	201.754300ms	0.0	201.754300ms	2001	201.754300ms	0.0	
922	445191	437	3734585	1485	75	217873.0	25	301814.0	80	308521.0	34	370088.0	21	339649.0	1.7976931348623157E308	0.0	360.804ms	1100	360.804ms	0.0	360.804ms	1100	360.804ms	0.0	387.469300ms	100	387.469300ms	4.0596657798038893E-4	35.678200ms	285	35.678200ms	3.8646941589755363E-7	35.678200ms	285	35.678200ms	3.8646941589755363E-7	
923	445634	442	3736103	1518	75	217870.0	25	301814.0	80	308521.0	34	370088.0	21	339649.0	1.7976931348623157E308	0.0	362.124ms	1100	362.124ms	0.0	362.124ms	1100	362.124ms	0.0	387.128ms	100	387.128ms	1.2274240121798008E-4	38.765600ms	318	38.765600ms	4.330028165093227E-8	38.765600ms	318	38.765600ms	4.330028165093227E-8	
924	446102	467	3737637	1534	75	217858.0	25	301814.0	80	308521.0	34	370088.0	21	339649.0	1.7976931348623157E308	0.0	385.448600ms	1100	385.448600ms	0.0	385.448600ms	1100	385.448600ms	0.0	382.777300ms	100	382.777300ms	0.0	40.558300ms	334	40.558300ms	1.649063373229925E-7	40.558300ms	334	40.558300ms	1.649063373229925E-7	
925	446693	591	3740838	3201	75	217858.0	25	301814.0	80	308521.0	34	370088.0	21	339649.0	1.7976931348623157E308	0.0	350.938900ms	1100	350.938900ms	0.0	350.938900ms	1100	350.938900ms	0.0	376.797ms	100	376.797ms	0.0	199.727100ms	2001	199.727100ms	0.0	199.727100ms	2001	199.727100ms	0.0	
926	447354	660	3744039	3201	75	217858.0	25	301814.0	80	308521.0	34	370088.0	9	339336.0	1.7976931348623157E308	0.0	388.350600ms	1100	388.350600ms	0.0	388.350600ms	1100	388.350600ms	0.0	382.853400ms	100	382.853400ms	6.846947450527063E-4	231.744500ms	2001	231.744500ms	0.0	231.744500ms	2001	231.744500ms	0.0	
927	447952	598	3746973	2934	75	217827.0	25	301814.0	80	308521.0	34	370088.0	59	339115.0	1.7976931348623157E308	0.0	380.120300ms	1100	380.120300ms	0.0	380.120300ms	1100	380.120300ms	0.0	376.566100ms	100	376.566100ms	3.904516411434866E-4	177.575800ms	1734	177.575800ms	8.206143144168981E-8	177.575800ms	1734	177.575800ms	8.206143144168981E-8	
928	448394	442	3748390	1417	75	217709.0	25	301814.0	80	308521.0	34	370088.0	59	339115.0	1.7976931348623157E308	0.0	370.833500ms	1100	370.833500ms	0.0	370.833500ms	1100	370.833500ms	0.0	411.531300ms	100	411.531300ms	0.0	28.402300ms	217	28.402300ms	2.496379245195988E-6	28.402300ms	217	28.402300ms	2.496379245195988E-6	
929	448942	547	3751161	2771	75	217685.0	25	301814.0	80	308521.0	34	370088.0	51	338565.0	1.7976931348623157E308	0.0	363.804200ms	1100	363.804200ms	0.0	363.804200ms	1100	363.804200ms	0.0	370.459100ms	100	370.459100ms	6.085413867081591E-4	143.959200ms	1571	143.959200ms	7.017116287467451E-8	143.959200ms	1571	143.959200ms	7.017116287467451E-8	
930	449361	419	3752423	1262	75	217681.0	25	301814.0	80	308521.0	34	370088.0	62	338326.0	1.7976931348623157E308	0.0	362.56ms	1100	362.56ms	0.0	362.56ms	1100	362.56ms	0.0	379.671900ms	100	379.671900ms	6.475454394380242E-4	16.200400ms	62	16.200400ms	2.963737925542448E-7	16.200400ms	62	16.200400ms	2.963737925542448E-7	
931	449970	609	3755624	3201	75	217681.0	25	301814.0	80	308521.0	34	370088.0	62	338326.0	1.7976931348623157E308	0.0	355.422ms	1100	355.422ms	0.0	355.422ms	1100	355.422ms	0.0	403.211300ms	100	403.211300ms	0.0	208.882800ms	2001	208.882800ms	0.0	208.882800ms	2001	208.882800ms	0.0	
932	450599	628	3758825	3201	75	217681.0	25	301814.0	80	308521.0	34	370088.0	62	338326.0	1.7976931348623157E308	0.0	375.329200ms	1100	375.329200ms	0.0	375.329200ms	1100	375.329200ms	0.0	372.798500ms	100	372.798500ms	0.0	213.160900ms	2001	213.160900ms	0.0	213.160900ms	2001	213.160900ms	0.0	
933	451199	600	3762026	3201	75	217681.0	25	301814.0	80	308521.0	34	370088.0	62	338326.0	1.7976931348623157E308	0.0	360.931800ms	1100	360.931800ms	0.0	360.931800ms	1100	360.931800ms	0.0	374.110500ms	100	374.110500ms	0.0	199.267200ms	2001	199.267200ms	0.0	199.267200ms	2001	199.267200ms	0.0	
934	451802	603	3765227	3201	75	217681.0	25	301814.0	80	308521.0	34	370088.0	62	338326.0	1.7976931348623157E308	0.0	367.987400ms	1100	367.987400ms	0.0	367.987400ms	1100	367.987400ms	0.0	384.668100ms	100	384.668100ms	0.0	191.488100ms	2001	191.488100ms	0.0	191.488100ms	2001	191.488100ms	0.0	
935	452277	474	3767066	1839	75	217675.0	25	301814.0	80	308521.0	34	370088.0	62	338326.0	1.7976931348623157E308	0.0	363.428700ms	1100	363.428700ms	0.0	363.428700ms	1100	363.428700ms	0.0	366.255200ms	100	366.255200ms	0.0	71.742700ms	639	71.742700ms	4.313500655322979E-8	71.742700ms	639	71.742700ms	4.313500655322979E-8	
936	452888	611	3770267	3201	75	217675.0	25	301814.0	80	308521.0	34	370088.0	15	338322.0	1.7976931348623157E308	0.0	377.527200ms	1100	377.527200ms	0.0	377.527200ms	1100	377.527200ms	0.0	379.448600ms	100	379.448600ms	7.990923362512247E-4	193.555700ms	2001	193.555700ms	0.0	193.555700ms	2001	193.555700ms	0.0	
937	453502	613	3773468	3201	75	217675.0	25	301814.0	80	308521.0	34	370088.0	15	338322.0	1.7976931348623157E308	0.0	382.496800ms	1100	382.496800ms	0.0	382.496800ms	1100	382.496800ms	0.0	382.239100ms	100	382.239100ms	0.0	189.760500ms	2001	189.760500ms	0.0	189.760500ms	2001	189.760500ms	0.0	
938	453998	496	3775545	2077	75	217644.0	25	301814.0	80	308521.0	34	370088.0	15	338322.0	1.7976931348623157E308	0.0	370.486900ms	1100	370.486900ms	0.0	370.486900ms	1100	370.486900ms	0.0	377.541500ms	100	377.541500ms	0.0	86.418700ms	877	86.418700ms	1.6238785579802062E-7	86.418700ms	877	86.418700ms	1.6238785579802062E-7	
939	454526	527	3777067	1522	75	217330.0	25	301814.0	80	308521.0	34	370088.0	15	338322.0	1.7976931348623157E308	0.0	443.946700ms	1100	443.946700ms	1.2698550610825498E-6	443.946700ms	1100	443.946700ms	1.2698550610825498E-6	406.561300ms	100	406.561300ms	0.0	41.685700ms	322	41.685700ms	1.426912785148387E-7	41.685700ms	322	41.685700ms	1.426912785148387E-7	
940	454947	420	3778267	1200	75	217330.0	25	301814.0	80	308521.0	34	370088.0	15	338322.0	1.7976931348623157E308	0.0	380.692200ms	1100	380.692200ms	0.0	380.692200ms	1100	380.692200ms	0.0	371.005500ms	100	371.005500ms	0.0	0s	0	0s	0.0	0s	0	0s	0.0	
941	455581	634	3781212	2945	75	217276.0	25	301814.0	80	308521.0	34	370088.0	15	338322.0	1.7976931348623157E308	0.0	355.531300ms	1100	355.531300ms	0.0	355.531300ms	1100	355.531300ms	0.0	416.856100ms	100	416.856100ms	0.0	234.703200ms	1745	234.703200ms	1.4238972410276534E-7	234.703200ms	1745	234.703200ms	1.4238972410276534E-7	
942	456174	592	3784413	3201	75	217276.0	25	301814.0	80	308521.0	34	370088.0	84	338212.0	1.7976931348623157E308	0.0	360.323500ms	1100	360.323500ms	0.0	360.323500ms	1100	360.323500ms	0.0	388.450900ms	100	388.450900ms	9.302258200972358E-4	191.308100ms	2001	191.308100ms	0.0	191.308100ms	2001	191.308100ms	0.0	
943	456742	567	3787614	3201	75	217276.0	25	301814.0	80	308521.0	34	370088.0	84	338212.0	1.7976931348623157E308	0.0	349.526200ms	1100	349.526200ms	0.0	349.526200ms	1100	349.526200ms	0.0	378.266600ms	100	378.266600ms	0.0	177.583600ms	2001	177.583600ms	0.0	177.583600ms	2001	177.583600ms	0.0	
944	457325	583	3790815	3201	75	217276.0	25	301814.0	80	308521.0	34	370088.0	84	338212.0	1.7976931348623157E308	0.0	349.619300ms	1100	349.619300ms	0.0	349.619300ms	1100	349.619300ms	0.0	374.979400ms	100	374.979400ms	0.0	194.600800ms	2001	194.600800ms	0.0	194.600800ms	2001	194.600800ms	0.0	
945	457840	514	3792993	2178	75	217251.0	25	301814.0	80	308521.0	34	370088.0	84	338212.0	1.7976931348623157E308	0.0	380.981ms	1100	380.981ms	0.0	380.981ms	1100	380.981ms	0.0	380.979600ms	100	380.979600ms	0.0	93.799200ms	978	93.799200ms	1.1764931326119154E-7	93.799200ms	978	93.799200ms	1.1764931326119154E-7	
946	458297	457	3794520	1527	75	217185.0	25	301814.0	80	308521.0	34	370088.0	84	338212.0	1.7976931348623157E308	0.0	379.958700ms	1100	379.958700ms	0.0	379.958700ms	1100	379.958700ms	0.0	334.191700ms	100	334.191700ms	0.0	39.192900ms	327	39.192900ms	9.290399693686293E-7	39.192900ms	327	39.192900ms	9.290399693686293E-7	
947	458774	476	3795957	1437	75	217177.0	25	301814.0	80	308521.0	34	370088.0	84	338212.0	1.7976931348623157E308	0.0	390.793600ms	1100	390.793600ms	0.0	390.793600ms	1100	390.793600ms	0.0	419.804300ms	100	419.804300ms	0.0	41.056900ms	237	41.056900ms	1.5542175685077023E-7	41.056900ms	237	41.056900ms	1.5542175685077023E-7	
948	459219	444	3797239	1282	75	217138.0	25	301814.0	80	308521.0	34	370088.0	84	338212.0	1.7976931348623157E308	0.0	386.698800ms	1100	386.698800ms	0.0	386.698800ms	1100	386.698800ms	0.0	378.358600ms	100	378.358600ms	0.0	17.578200ms	82	17.578200ms	2.1899637443072603E-6	17.578200ms	82	17.578200ms	2.1899637443072603E-6	
949	459655	436	3798502	1263	75	217126.0	25	301814.0	80	308521.0	34	370088.0	84	338212.0	1.7976931348623157E308	0.0	380.076100ms	1100	380.076100ms	0.0	380.076100ms	1100	380.076100ms	0.0	393.328500ms	100	393.328500ms	0.0	16.041700ms	63	16.041700ms	8.772126043174058E-7	16.041700ms	63	16.041700ms	8.772126043174058E-7	
950	460068	412	3799799	1297	75	217106.0	25	301814.0	80	308521.0	34	370088.0	84	338212.0	1.7976931348623157E308	0.0	353.875600ms	1100	353.875600ms	0.0	353.875600ms	1100	353.875600ms	0.0	373.775ms	100	373.775ms	0.0	18.546900ms	97	18.546900ms	9.496125153606854E-7	18.546900ms	97	18.546900ms	9.496125153606854E-7	
951	460484	416	3801012	1213	75	217052.0	25	301814.0	80	308521.0	34	370088.0	84	338212.0	1.7976931348623157E308	0.0	363.134300ms	1100	363.134300ms	0.0	363.134300ms	1100	363.134300ms	0.0	401.074600ms	100	401.074600ms	4.650912936040807E-5	11.295500ms	13	11.295500ms	1.913280219729867E-5	11.295500ms	13	11.295500ms	1.913280219729867E-5	
952	460930	445	3802484	1472	75	217049.0	25	301814.0	80	308521.0	34	370088.0	84	338212.0	1.7976931348623157E308	0.0	366.239200ms	1100	366.239200ms	0.0	366.239200ms	1100	366.239200ms	0.0	427.140800ms	100	427.140800ms	0.0	34.067500ms	272	34.067500ms	5.081460555397658E-8	34.067500ms	272	34.067500ms	5.081460555397658E-8	
953	461365	434	3803803	1319	75	217048.0	25	301814.0	80	308521.0	34	370088.0	84	338212.0	1.7976931348623157E308	0.0	372.554600ms	1100	372.554600ms	0.0	372.554600ms	1100	372.554600ms	0.0	381.550700ms	100	381.550700ms	0.0	21.775500ms	119	21.775500ms	3.871642506778702E-8	21.775500ms	119	21.775500ms	3.871642506778702E-8	
954	461977	611	3807004	3201	75	217048.0	25	301814.0	80	308521.0	34	370088.0	84	338212.0	1.7976931348623157E308	0.0	370.789800ms	1100	370.789800ms	0.0	370.789800ms	1100	370.789800ms	0.0	380.797500ms	100	380.797500ms	0.0	200.765400ms	2001	200.765400ms	0.0	200.765400ms	2001	200.765400ms	0.0	
955	462766	789	3810204	3200	75	217048.0	25	301814.0	80	308521.0	34	370088.0	43	337949.0	1.7976931348623157E308	0.0	571.412700ms	1100	571.412700ms	0.0	571.412700ms	1100	571.412700ms	0.0	350.982500ms	100	350.982500ms	4.419483428018023E-4	179.91ms	2001	179.91ms	0.0	179.91ms	2001	179.91ms	0.0	
956	463460	694	3813405	3201	75	217048.0	25	301814.0	80	308521.0	34	370088.0	52	337943.0	1.7976931348623157E308	0.0	424.783700ms	1100	424.783700ms	0.0	424.783700ms	1100	424.783700ms	0.0	454.929800ms	100	454.929800ms	9.264439047539286E-4	214.438600ms	2001	214.438600ms	0.0	214.438600ms	2001	214.438600ms	0.0	
957	463978	517	3815369	1964	75	216928.0	25	301814.0	80	308521.0	34	370088.0	52	337943.0	1.7976931348623157E308	0.0	396.942700ms	1100	396.942700ms	0.0	396.942700ms	1100	396.942700ms	0.0	393.320200ms	100	393.320200ms	0.0	76.538900ms	764	76.538900ms	7.236558863810139E-7	76.538900ms	764	76.538900ms	7.236558863810139E-7	
958	464451	472	3817201	1832	75	216924.0	25	301814.0	80	308521.0	34	370088.0	52	337943.0	1.7976931348623157E308	0.0	363.422800ms	1100	363.422800ms	0.0	363.422800ms	1100	363.422800ms	0.0	412.311200ms	100	412.311200ms	2.4408736986381018E-5	66.226700ms	633	66.226700ms	2.913001237206703E-8	66.226700ms	633	66.226700ms	2.913001237206703E-8	
959	465059	607	3820402	3201	75	216924.0	25	301814.0	80	308521.0	34	370088.0	52	337943.0	1.7976931348623157E308	0.0	373.317300ms	1100	373.317300ms	0.0	373.317300ms	1100	373.317300ms	0.0	434.812600ms	100	434.812600ms	0.0	188.998100ms	2001	188.998100ms	0.0	188.998100ms	2001	188.998100ms	0.0	
960	465674	615	3823603	3201	75	216924.0	25	301814.0	80	308521.0	34	370088.0	52	337943.0	1.7976931348623157E308	0.0	372.588600ms	1100	372.588600ms	0.0	372.588600ms	1100	372.588600ms	0.0	383.272800ms	100	383.272800ms	0.0	199.183500ms	2001	199.183500ms	0.0	199.183500ms	2001	199.183500ms	0.0	
961	466216	542	3825960	2357	75	216907.0	25	301814.0	80	308521.0	34	370088.0	52	337943.0	1.7976931348623157E308	0.0	376.158200ms	1100	376.158200ms	0.0	376.158200ms	1100	376.158200ms	0.0	399.642100ms	100	399.642100ms	3.462020994457582E-5	124.667200ms	1157	124.667200ms	6.773419260450675E-8	124.667200ms	1157	124.667200ms	6.773419260450675E-8	
962	466667	450	3827328	1368	75	216822.0	25	301814.0	80	308521.0	34	370088.0	52	337943.0	1.7976931348623157E308	0.0	380.376800ms	1100	380.376800ms	0.0	380.376800ms	1100	380.376800ms	0.0	412.691200ms	100	412.691200ms	0.0	25.731300ms	168	25.731300ms	2.3325774684649727E-6	25.731300ms	168	25.731300ms	2.3325774684649727E-6	
963	467260	593	3830528	3200	75	216822.0	25	301814.0	80	308521.0	34	370088.0	52	337943.0	1.7976931348623157E308	0.0	372.075400ms	1100	372.075400ms	0.0	372.075400ms	1100	372.075400ms	0.0	376.272900ms	100	376.272900ms	0.0	180.391200ms	2001	180.391200ms	0.0	180.391200ms	2001	180.391200ms	0.0	
964	467850	590	3833729	3201	75	216822.0	25	301814.0	80	308521.0	34	370088.0	52	337943.0	1.7976931348623157E308	0.0	366.343500ms	1100	366.343500ms	0.0	366.343500ms	1100	366.343500ms	0.0	397.483900ms	100	397.483900ms	0.0	177.779200ms	2001	177.779200ms	0.0	177.779200ms	2001	177.779200ms	0.0	
965	468421	570	3836930	3201	75	216822.0	25	301814.0	80	308521.0	34	370088.0	52	337943.0	1.7976931348623157E308	0.0	350.451700ms	1100	350.451700ms	0.0	350.451700ms	1100	350.451700ms	0.0	376.637100ms	100	376.637100ms	0.0	179.557100ms	2001	179.557100ms	0.0	179.557100ms	2001	179.557100ms	0.0	
966	469022	600	3840131	3201	75	216822.0	25	301814.0	80	308521.0	34	370088.0	52	337943.0	1.7976931348623157E308	0.0	349.401600ms	1100	349.401600ms	0.0	349.401600ms	1100	349.401600ms	0.0	357.091400ms	100	357.091400ms	0.0	212.122400ms	2001	212.122400ms	0.0	212.122400ms	2001	212.122400ms	0.0	
967	469546	524	3842453	2322	75	216820.0	25	301814.0	80	308521.0	34	370088.0	52	337943.0	1.7976931348623157E308	0.0	374.548400ms	1100	374.548400ms	0.0	374.548400ms	1100	374.548400ms	0.0	380.231300ms	100	380.231300ms	0.0	109.357800ms	1122	109.357800ms	8.2211731018617E-9	109.357800ms	1122	109.357800ms	8.2211731018617E-9	
968	469971	424	3843676	1223	75	216772.0	25	301814.0	80	308521.0	34	370088.0	52	337943.0	1.7976931348623157E308	0.0	371.146400ms	1100	371.146400ms	0.0	371.146400ms	1100	371.146400ms	0.0	385.400300ms	100	385.400300ms	0.0	12.571200ms	23	12.571200ms	9.62529527598585E-6	12.571200ms	23	12.571200ms	9.62529527598585E-6	
969	470561	590	3846877	3201	75	216772.0	25	301814.0	80	308521.0	34	370088.0	95	337898.0	1.7976931348623157E308	0.0	367.739900ms	1100	367.739900ms	0.0	367.739900ms	1100	367.739900ms	0.0	414.547700ms	100	414.547700ms	3.829491037853017E-4	177.154600ms	2001	177.154600ms	0.0	177.154600ms	2001	177.154600ms	0.0	
970	471250	688	3850078	3201	75	216772.0	25	301814.0	80	308521.0	34	370088.0	95	337898.0	1.7976931348623157E308	0.0	457.805600ms	1100	457.805600ms	0.0	457.805600ms	1100	457.805600ms	0.0	395.495800ms	100	395.495800ms	0.0	189.259100ms	2001	189.259100ms	0.0	189.259100ms	2001	189.259100ms	0.0	
971	471873	623	3853279	3201	75	216772.0	25	301814.0	80	308521.0	34	370088.0	95	337898.0	1.7976931348623157E308	0.0	355.033300ms	1100	355.033300ms	0.0	355.033300ms	1100	355.033300ms	0.0	441.231100ms	100	441.231100ms	0.0	220.892800ms	2001	220.892800ms	0.0	220.892800ms	2001	220.892800ms	0.0	
972	472443	570	3856480	3201	75	216772.0	25	301814.0	80	308521.0	34	370088.0	95	337898.0	1.7976931348623157E308	0.0	348.396ms	1100	348.396ms	0.0	348.396ms	1100	348.396ms	0.0	393.715700ms	100	393.715700ms	0.0	180.409ms	2001	180.409ms	0.0	180.409ms	2001	180.409ms	0.0	
973	473086	642	3859681	3201	75	216772.0	25	301814.0	80	308521.0	34	370088.0	95	337898.0	1.7976931348623157E308	0.0	390.226200ms	1100	390.226200ms	0.0	390.226200ms	1100	390.226200ms	0.0	392.337300ms	100	392.337300ms	0.0	203.994500ms	2001	203.994500ms	0.0	203.994500ms	2001	203.994500ms	0.0	
974	473694	608	3862882	3201	75	216772.0	25	301814.0	80	308521.0	34	370088.0	95	337898.0	1.7976931348623157E308	0.0	375.886900ms	1100	375.886900ms	0.0	375.886900ms	1100	375.886900ms	0.0	388.356300ms	100	388.356300ms	0.0	191.030500ms	2001	191.030500ms	0.0	191.030500ms	2001	191.030500ms	0.0	
975	474324	630	3866081	3199	75	216772.0	25	301814.0	80	308521.0	34	370088.0	95	337898.0	1.7976931348623157E308	0.0	408.719200ms	1100	408.719200ms	0.0	408.719200ms	1100	408.719200ms	0.0	437.525ms	100	437.525ms	0.0	175.485900ms	2001	175.485900ms	0.0	175.485900ms	2001	175.485900ms	0.0	
976	474734	409	3867346	1265	75	216725.0	25	301814.0	80	308521.0	34	370088.0	95	337898.0	1.7976931348623157E308	0.0	352.314500ms	1100	352.314500ms	0.0	352.314500ms	1100	352.314500ms	0.0	404.663100ms	100	404.663100ms	0.0	15.600800ms	65	15.600800ms	3.335656464288948E-6	15.600800ms	65	15.600800ms	3.335656464288948E-6	
977	475132	397	3868566	1220	75	216627.0	25	301814.0	80	308521.0	34	370088.0	95	337898.0	1.7976931348623157E308	0.0	343.578500ms	1100	343.578500ms	0.0	343.578500ms	1100	343.578500ms	0.0	407.197700ms	100	407.197700ms	3.0551952730941025E-4	11.579600ms	20	11.579600ms	2.2609297496828384E-5	11.579600ms	20	11.579600ms	2.2609297496828384E-5	
978	475681	549	3871767	3201	75	216627.0	25	301814.0	80	308521.0	34	370088.0	95	337898.0	1.7976931348623157E308	0.0	334.307200ms	1100	334.307200ms	0.0	334.307200ms	1100	334.307200ms	0.0	401.577600ms	100	401.577600ms	0.0	174.791100ms	2001	174.791100ms	0.0	174.791100ms	2001	174.791100ms	0.0	
979	476261	580	3874968	3201	75	216627.0	25	301814.0	80	308521.0	34	370088.0	99	337684.0	1.7976931348623157E308	0.0	341.935600ms	1100	341.935600ms	0.0	341.935600ms	1100	341.935600ms	0.0	375.094300ms	100	375.094300ms	9.166443549359926E-4	198.681700ms	2001	198.681700ms	0.0	198.681700ms	2001	198.681700ms	0.0	
980	476724	462	3877121	2153	75	216596.0	25	301814.0	80	308521.0	34	370088.0	99	337684.0	1.7976931348623157E308	0.0	331.978400ms	1100	331.978400ms	0.0	331.978400ms	1100	331.978400ms	0.0	365.057800ms	100	365.057800ms	0.0	91.095300ms	953	91.095300ms	1.5016067361616022E-7	91.095300ms	953	91.095300ms	1.5016067361616022E-7	
981	477121	396	3878439	1318	75	216583.0	25	301814.0	80	308521.0	34	370088.0	99	337684.0	1.7976931348623157E308	0.0	339.901700ms	1100	339.901700ms	0.0	339.901700ms	1100	339.901700ms	0.0	318.832800ms	100	318.832800ms	0.0	19.585200ms	118	19.585200ms	5.086404713170418E-7	19.585200ms	118	19.585200ms	5.086404713170418E-7	
982	477674	553	3881293	2854	75	216540.0	25	301814.0	80	308521.0	34	370088.0	99	337684.0	1.7976931348623157E308	0.0	356.823500ms	1100	356.823500ms	0.0	356.823500ms	1100	356.823500ms	0.0	372.544600ms	100	372.544600ms	0.0	155.732500ms	1655	155.732500ms	1.1996266148211915E-7	155.732500ms	1655	155.732500ms	1.1996266148211915E-7	
983	478224	550	3884494	3201	75	216540.0	25	301814.0	80	308521.0	34	370088.0	99	337684.0	1.7976931348623157E308	0.0	336.995400ms	1100	336.995400ms	0.0	336.995400ms	1100	336.995400ms	0.0	384.800300ms	100	384.800300ms	0.0	172.859400ms	2001	172.859400ms	0.0	172.859400ms	2001	172.859400ms	0.0	
984	478638	413	3886038	1544	75	216426.0	25	301814.0	80	308521.0	34	370088.0	99	337684.0	1.7976931348623157E308	0.0	333.030100ms	1100	333.030100ms	0.0	333.030100ms	1100	333.030100ms	0.0	406.583700ms	100	406.583700ms	0.0	38.630900ms	345	38.630900ms	1.5259757209231866E-6	38.630900ms	345	38.630900ms	1.5259757209231866E-6	
985	479057	418	3887508	1470	75	216213.0	25	301814.0	80	308521.0	34	370088.0	99	337684.0	1.7976931348623157E308	0.0	342.587200ms	1100	342.587200ms	8.409138210510844E-9	342.587200ms	1100	342.587200ms	8.409138210510844E-9	416.624ms	100	416.624ms	0.0	34.153300ms	270	34.153300ms	3.6108484261663407E-6	34.153300ms	270	34.153300ms	3.6108484261663407E-6	
986	479455	397	3888707	1199	75	216213.0	25	301814.0	80	308521.0	34	370088.0	99	337684.0	1.7976931348623157E308	0.0	356.348400ms	1100	356.348400ms	0.0	356.348400ms	1100	356.348400ms	0.0	405.875800ms	100	405.875800ms	0.0	0s	0	0s	0.0	0s	0	0s	0.0	
987	479949	494	3891207	2500	75	216197.0	25	301814.0	80	308521.0	34	370088.0	99	337684.0	1.7976931348623157E308	0.0	338.202100ms	1100	338.202100ms	0.0	338.202100ms	1100	338.202100ms	0.0	371.134200ms	100	371.134200ms	0.0	116.997800ms	1300	116.997800ms	5.692392366645034E-8	116.997800ms	1300	116.997800ms	5.692392366645034E-8	
988	480482	533	3894078	2871	75	216190.0	25	301814.0	80	308521.0	34	370088.0	99	337684.0	1.7976931348623157E308	0.0	337.011800ms	1100	337.011800ms	0.0	337.011800ms	1100	337.011800ms	0.0	369.452200ms	100	369.452200ms	0.0	156.770300ms	1672	156.770300ms	1.936475932052769E-8	156.770300ms	1672	156.770300ms	1.936475932052769E-8	
989	481035	552	3897180	3102	75	216116.0	25	301814.0	80	308521.0	34	370088.0	99	337684.0	1.7976931348623157E308	0.0	334.068700ms	1100	334.068700ms	0.0	334.068700ms	1100	334.068700ms	0.0	387.476ms	100	387.476ms	0.0	178.746600ms	1902	178.746600ms	1.7996398677429279E-7	178.746600ms	1902	178.746600ms	1.7996398677429279E-7	
990	481541	506	3898604	1424	75	216018.0	25	301814.0	80	308521.0	34	370088.0	99	337684.0	1.7976931348623157E308	0.0	433.782100ms	1100	433.782100ms	0.0	433.782100ms	1100	433.782100ms	0.0	401.872800ms	100	401.872800ms	6.283896308393877E-5	28.998200ms	224	28.998200ms	2.024375798182527E-6	28.998200ms	224	28.998200ms	2.024375798182527E-6	
991	481972	431	3900365	1761	75	215988.0	25	301814.0	80	308521.0	34	370088.0	99	337684.0	1.7976931348623157E308	0.0	333.212900ms	1100	333.212900ms	0.0	333.212900ms	1100	333.212900ms	0.0	373.615800ms	100	373.615800ms	3.451184716536415E-4	57.221800ms	561	57.221800ms	2.4755314755653797E-7	57.221800ms	561	57.221800ms	2.4755314755653797E-7	
992	482482	510	3902072	1707	75	215914.0	25	301814.0	80	308521.0	34	370088.0	99	337684.0	1.7976931348623157E308	0.0	416.294700ms	1100	416.294700ms	0.0	416.294700ms	1100	416.294700ms	0.0	381.336100ms	100	381.336100ms	2.146807268230688E-5	53.280600ms	507	53.280600ms	6.757625770648878E-7	53.280600ms	507	53.280600ms	6.757625770648878E-7	
993	482900	417	3903678	1606	75	215908.0	25	301814.0	80	308521.0	34	370088.0	99	337684.0	1.7976931348623157E308	0.0	332.419600ms	1100	332.419600ms	0.0	332.419600ms	1100	332.419600ms	0.0	405.162300ms	100	405.162300ms	0.0	43.532500ms	406	43.532500ms	6.844542328504047E-8	43.532500ms	406	43.532500ms	6.844542328504047E-8	
994	483362	462	3905633	1955	75	215870.0	25	301814.0	80	308521.0	34	370088.0	99	337684.0	1.7976931348623157E308	0.0	348.228500ms	1100	348.228500ms	0.0	348.228500ms	1100	348.228500ms	0.0	366.791600ms	100	366.791600ms	0.0	74.902200ms	755	74.902200ms	2.331137606193556E-7	74.902200ms	755	74.902200ms	2.331137606193556E-7	
995	483921	559	3908834	3201	75	215870.0	25	301814.0	80	308521.0	34	370088.0	99	337684.0	1.7976931348623157E308	0.0	345.538ms	1100	345.538ms	0.0	345.538ms	1100	345.538ms	0.0	377.412400ms	100	377.412400ms	0.0	173.584ms	2001	173.584ms	0.0	173.584ms	2001	173.584ms	0.0	
996	484503	581	3911939	3105	75	215866.0	25	301814.0	80	308521.0	34	370088.0	18	337515.0	1.7976931348623157E308	0.0	357.050600ms	1100	357.050600ms	0.0	357.050600ms	1100	357.050600ms	0.0	411.022600ms	100	411.022600ms	5.072096266669746E-4	179.613700ms	1905	179.613700ms	9.726861225770271E-9	179.613700ms	1905	179.613700ms	9.726861225770271E-9	
997	485149	646	3914949	3010	75	215744.0	25	301814.0	80	308521.0	34	370088.0	18	337515.0	1.7976931348623157E308	0.0	429.697900ms	1100	429.697900ms	0.0	429.697900ms	1100	429.697900ms	0.0	417.831600ms	100	417.831600ms	0.0	172.079900ms	1810	172.079900ms	3.122460920994098E-7	172.079900ms	1810	172.079900ms	3.122460920994098E-7	
998	485704	554	3916632	1683	75	215737.0	25	301814.0	80	308521.0	34	370088.0	18	337515.0	1.7976931348623157E308	0.0	457.249600ms	1100	457.249600ms	0.0	457.249600ms	1100	457.249600ms	0.0	397.638800ms	100	397.638800ms	0.0	52.809500ms	483	52.809500ms	6.717569723001694E-8	52.809500ms	483	52.809500ms	6.717569723001694E-8	
999	486136	431	3917834	1202	75	215717.0	25	301814.0	80	308521.0	34	370088.0	18	337515.0	1.7976931348623157E308	0.0	377.575400ms	1100	377.575400ms	0.0	377.575400ms	1100	377.575400ms	0.0	399.769400ms	100	399.769400ms	0.0	10.365600ms	2	10.365600ms	4.635273504310922E-5	10.365600ms	2	10.365600ms	4.635273504310922E-5	
1000	486542	406	3919078	1244	75	215716.0	25	301814.0	80	308521.0	34	370088.0	18	337515.0	1.7976931348623157E308	0.0	352.128900ms	1100	352.128900ms	0.0	352.128900ms	1100	352.128900ms	0.0	386.215ms	100	386.215ms	0.0	13.431500ms	44	13.431500ms	1.053568922584145E-7	13.431500ms	44	13.431500ms	1.053568922584145E-7	
1001	486956	413	3920313	1235	75	215618.0	25	301814.0	80	308521.0	34	370088.0	18	337515.0	1.7976931348623157E308	0.0	358.483500ms	1100	358.483500ms	0.0	358.483500ms	1100	358.483500ms	0.0	387.270600ms	100	387.270600ms	0.0	12.445ms	35	12.445ms	1.2980029297780606E-5	12.445ms	35	12.445ms	1.2980029297780606E-5	
1002	487348	392	3921582	1269	75	215598.0	25	301814.0	80	308521.0	34	370088.0	18	337515.0	1.7976931348623157E308	0.0	337.916500ms	1100	337.916500ms	0.0	337.916500ms	1100	337.916500ms	0.0	363.532ms	100	363.532ms	0.0	15.199800ms	69	15.199800ms	1.3442990495409106E-6	15.199800ms	69	15.199800ms	1.3442990495409106E-6	
1003	487743	395	3922817	1235	75	215589.0	25	301814.0	80	308521.0	34	370088.0	18	337515.0	1.7976931348623157E308	0.0	343.106400ms	1100	343.106400ms	0.0	343.106400ms	1100	343.106400ms	0.0	376.291700ms	100	376.291700ms	0.0	12.360400ms	35	12.360400ms	1.1926959301237059E-6	12.360400ms	35	12.360400ms	1.1926959301237059E-6	
1004	488172	428	3924523	1706	75	215505.0	25	301814.0	80	308521.0	34	370088.0	18	337515.0	1.7976931348623157E308	0.0	338.245600ms	1100	338.245600ms	0.0	338.245600ms	1100	338.245600ms	0.0	352.857500ms	100	352.857500ms	0.0	51.588200ms	506	51.588200ms	7.700202938848894E-7	51.588200ms	506	51.588200ms	7.700202938848894E-7	
1005	488727	554	3927673	3150	75	215465.0	25	301814.0	80	308521.0	34	370088.0	18	337515.0	1.7976931348623157E308	0.0	346.743800ms	1100	346.743800ms	0.0	346.743800ms	1100	346.743800ms	0.0	400.459200ms	100	400.459200ms	0.0	167.606100ms	1950	167.606100ms	9.518489368146103E-8	167.606100ms	1950	167.606100ms	9.518489368146103E-8	
1006	489197	470	3929001	1328	75	215266.0	25	301814.0	80	308521.0	34	370088.0	18	337515.0	1.7976931348623157E308	0.0	403.070100ms	1100	403.070100ms	0.0	403.070100ms	1100	403.070100ms	0.0	443.071800ms	100	443.071800ms	0.0	21.636500ms	128	21.636500ms	7.215499036966784E-6	21.636500ms	128	21.636500ms	7.215499036966784E-6	
1007	489658	460	3930418	1417	75	215203.0	25	301814.0	80	308521.0	34	370088.0	18	337515.0	1.7976931348623157E308	0.0	393.195100ms	1100	393.195100ms	0.0	393.195100ms	1100	393.195100ms	0.0	372.044200ms	100	372.044200ms	0.0	28.137300ms	218	28.137300ms	1.3424824435260024E-6	28.137300ms	218	28.137300ms	1.3424824435260024E-6	
1008	490100	442	3932193	1775	75	215202.0	25	301814.0	80	308521.0	34	370088.0	18	337515.0	1.7976931348623157E308	0.0	345.838ms	1100	345.838ms	0.0	345.838ms	1100	345.838ms	0.0	369.110900ms	100	369.110900ms	3.732434973540588E-5	56.485900ms	575	56.485900ms	8.081348470026144E-9	56.485900ms	575	56.485900ms	8.081348470026144E-9	
1009	490579	478	3933563	1370	75	214923.0	25	301814.0	80	308521.0	34	370088.0	91	337378.0	1.7976931348623157E308	0.0	416.248500ms	1100	416.248500ms	0.0	416.248500ms	1100	416.248500ms	0.0	368.979800ms	100	368.979800ms	4.923959147620005E-4	23.387ms	170	23.387ms	7.626213839035814E-6	23.387ms	170	23.387ms	7.626213839035814E-6	
1010	490971	391	3934871	1308	75	214868.0	25	301814.0	80	308521.0	34	370088.0	91	337378.0	1.7976931348623157E308	0.0	334.302100ms	1100	334.302100ms	0.0	334.302100ms	1100	334.302100ms	0.0	352.986900ms	100	352.986900ms	0.0	18.930900ms	108	18.930900ms	2.369496327797799E-6	18.930900ms	108	18.930900ms	2.369496327797799E-6	
1011	491488	517	3936989	2118	75	214849.0	25	301814.0	80	308521.0	34	370088.0	91	337378.0	1.7976931348623157E308	0.0	371.841200ms	1100	371.841200ms	0.0	371.841200ms	1100	371.841200ms	0.0	367.391100ms	100	367.391100ms	0.0	106.728900ms	918	106.728900ms	9.632503563108824E-8	106.728900ms	918	106.728900ms	9.632503563108824E-8	
1012	492070	581	3940190	3201	75	214849.0	25	301814.0	80	308521.0	34	370088.0	91	337378.0	1.7976931348623157E308	0.0	358.995400ms	1100	358.995400ms	0.0	358.995400ms	1100	358.995400ms	0.0	379.508100ms	100	379.508100ms	0.0	182.195300ms	2001	182.195300ms	0.0	182.195300ms	2001	182.195300ms	0.0	
1013	492643	573	3943390	3200	75	214849.0	25	301814.0	80	308521.0	34	370088.0	91	337378.0	1.7976931348623157E308	0.0	361.195300ms	1100	361.195300ms	0.0	361.195300ms	1100	361.195300ms	0.0	379.789ms	100	379.789ms	0.0	170.660500ms	2001	170.660500ms	0.0	170.660500ms	2001	170.660500ms	0.0	
1014	493208	564	3946590	3200	75	214849.0	25	301814.0	80	308521.0	34	370088.0	91	337378.0	1.7976931348623157E308	0.0	338.266200ms	1100	338.266200ms	0.0	338.266200ms	1100	338.266200ms	0.0	372.945700ms	100	372.945700ms	0.0	186.412ms	2001	186.412ms	0.0	186.412ms	2001	186.412ms	0.0	
1015	493721	512	3949363	2773	75	214833.0	25	301814.0	80	308521.0	34	370088.0	91	337378.0	1.7976931348623157E308	0.0	336.951300ms	1100	336.951300ms	0.0	336.951300ms	1100	336.951300ms	0.0	363.668800ms	100	363.668800ms	0.0	136.936200ms	1573	136.936200ms	4.7343234249579546E-8	136.936200ms	1573	136.936200ms	4.7343234249579546E-8	
1016	494114	393	3950605	1242	75	214832.0	25	301814.0	80	308521.0	34	370088.0	91	337378.0	1.7976931348623157E308	0.0	337.884700ms	1100	337.884700ms	0.0	337.884700ms	1100	337.884700ms	0.0	393.014800ms	100	393.014800ms	0.0	13.677100ms	42	13.677100ms	1.1082805625609435E-7	13.677100ms	42	13.677100ms	1.1082805625609435E-7	
1017	494500	386	3951870	1265	75	214715.0	25	301814.0	80	308521.0	34	370088.0	91	337378.0	1.7976931348623157E308	0.0	334.715200ms	1100	334.715200ms	0.0	334.715200ms	1100	334.715200ms	0.0	324.817600ms	100	324.817600ms	0.0	15.260300ms	65	15.260300ms	8.378640053623261E-6	15.260300ms	65	15.260300ms	8.378640053623261E-6	
1018	494975	475	3953225	1355	75	214682.0	25	301814.0	80	308521.0	34	370088.0	91	337378.0	1.7976931348623157E308	0.0	412.213600ms	1100	412.213600ms	0.0	412.213600ms	1100	412.213600ms	0.0	389.587200ms	100	389.587200ms	0.0	22.473300ms	155	22.473300ms	9.915619579744266E-7	22.473300ms	155	22.473300ms	9.915619579744266E-7	
1019	495415	439	3954915	1690	75	214672.0	25	301814.0	80	308521.0	34	370088.0	91	337378.0	1.7976931348623157E308	0.0	345.718300ms	1100	345.718300ms	0.0	345.718300ms	1100	345.718300ms	0.0	360.980300ms	100	360.980300ms	0.0	51.815200ms	490	51.815200ms	9.506229337019158E-8	51.815200ms	490	51.815200ms	9.506229337019158E-8	
1020	495825	410	3956198	1283	75	214653.0	25	301814.0	80	308521.0	34	370088.0	91	337378.0	1.7976931348623157E308	0.0	351.893100ms	1100	351.893100ms	0.0	351.893100ms	1100	351.893100ms	0.0	391.826200ms	100	391.826200ms	0.0	17.571800ms	83	17.571800ms	1.066350817296266E-6	17.571800ms	83	17.571800ms	1.066350817296266E-6	
1021	496272	446	3957462	1264	75	214640.0	25	301814.0	10	305513.0	34	370088.0	77	336901.0	1.7976931348623157E308	0.0	387.355200ms	1100	387.355200ms	0.0	387.355200ms	1100	387.355200ms	0.0	417.447200ms	100	417.447200ms	0.0011990401456489675	15.668800ms	64	15.668800ms	9.462947175211539E-7	15.668800ms	64	15.668800ms	9.462947175211539E-7	
1022	496662	390	3958715	1253	75	214549.0	25	301814.0	10	305513.0	34	370088.0	77	336901.0	1.7976931348623157E308	0.0	335.982500ms	1100	335.982500ms	0.0	335.982500ms	1100	335.982500ms	0.0	357.553100ms	100	357.553100ms	0.0	15.269900ms	54	15.269900ms	7.851216852335549E-6	15.269900ms	54	15.269900ms	7.851216852335549E-6	
1023	497066	404	3960188	1473	75	214544.0	25	301814.0	10	305513.0	34	370088.0	77	336901.0	1.7976931348623157E308	0.0	332.818800ms	1100	332.818800ms	0.0	332.818800ms	1100	332.818800ms	0.0	358.371100ms	100	358.371100ms	0.0	32.189700ms	274	32.189700ms	8.505364826915326E-8	32.189700ms	274	32.189700ms	8.505364826915326E-8	
1024	497618	551	3963389	3201	75	214544.0	25	301814.0	10	305513.0	34	370088.0	77	336901.0	1.7976931348623157E308	0.0	328.748900ms	1100	328.748900ms	0.0	328.748900ms	1100	328.748900ms	0.0	373.750800ms	100	373.750800ms	0.0	182.966ms	2001	182.966ms	0.0	182.966ms	2001	182.966ms	0.0	
1025	498048	429	3964792	1403	75	214538.0	25	301814.0	10	305513.0	34	370088.0	77	336901.0	1.7976931348623157E308	0.0	360.048500ms	1100	360.048500ms	0.0	360.048500ms	1100	360.048500ms	0.0	413.133600ms	100	413.133600ms	0.0	27.983800ms	203	27.983800ms	1.3776498175796007E-7	27.983800ms	203	27.983800ms	1.3776498175796007E-7	
1026	498463	415	3966199	1407	75	214512.0	25	301814.0	10	305513.0	34	370088.0	77	336901.0	1.7976931348623157E308	0.0	345.468500ms	1100	345.468500ms	0.0	345.468500ms	1100	345.468500ms	0.0	404.337300ms	100	404.337300ms	0.0	28.21ms	207	28.21ms	5.854620847323348E-7	28.21ms	207	28.21ms	5.854620847323348E-7	
1027	498898	435	3967973	1774	75	214504.0	25	301814.0	10	305513.0	34	370088.0	77	336901.0	1.7976931348623157E308	0.0	342.364600ms	1100	342.364600ms	0.0	342.364600ms	1100	342.364600ms	0.0	338.882400ms	100	338.882400ms	0.0	56.551600ms	574	56.551600ms	6.497203993225336E-8	56.551600ms	574	56.551600ms	6.497203993225336E-8	
1028	499284	385	3969221	1248	75	214502.0	25	301814.0	10	305513.0	34	370088.0	77	336901.0	1.7976931348623157E308	0.0	333.363600ms	1100	333.363600ms	0.0	333.363600ms	1100	333.363600ms	0.0	353.089700ms	100	353.089700ms	0.0	13.810400ms	48	13.810400ms	1.9424657193613712E-7	13.810400ms	48	13.810400ms	1.9424657193613712E-7	
1029	499694	410	3970482	1261	75	214489.0	25	301814.0	10	305513.0	34	370088.0	77	336901.0	1.7976931348623157E308	0.0	353.815300ms	1100	353.815300ms	0.0	353.815300ms	1100	353.815300ms	0.0	395.688300ms	100	395.688300ms	0.0	15.197400ms	61	15.197400ms	9.935327134408894E-7	15.197400ms	61	15.197400ms	9.935327134408894E-7	
1030	500256	562	3973683	3201	75	214489.0	25	301814.0	10	305513.0	34	370088.0	77	336901.0	1.7976931348623157E308	0.0	345.322600ms	1100	345.322600ms	0.0	345.322600ms	1100	345.322600ms	0.0	377.255600ms	100	377.255600ms	0.0	176.052900ms	2001	176.052900ms	0.0	176.052900ms	2001	176.052900ms	0.0	
1031	500780	524	3976346	2663	75	214478.0	25	301814.0	10	305513.0	34	370088.0	77	336901.0	1.7976931348623157E308	0.0	356.589900ms	1100	356.589900ms	0.0	356.589900ms	1100	356.589900ms	0.0	335.109900ms	100	335.109900ms	0.0	128.746600ms	1463	128.746600ms	3.5054464296442447E-8	128.746600ms	1463	128.746600ms	3.5054464296442447E-8	
1032	501223	442	3977827	1481	75	214465.0	25	301814.0	10	305513.0	34	370088.0	77	336901.0	1.7976931348623157E308	0.0	360.028700ms	1100	360.028700ms	0.0	360.028700ms	1100	360.028700ms	0.0	363.641400ms	100	363.641400ms	0.0	42.983ms	281	42.983ms	2.1570205426992753E-7	42.983ms	281	42.983ms	2.1570205426992753E-7	
1033	501870	646	3981028	3201	75	214465.0	25	301814.0	10	305513.0	34	370088.0	77	336901.0	1.7976931348623157E308	0.0	424.120300ms	1100	424.120300ms	0.0	424.120300ms	1100	424.120300ms	0.0	335.760700ms	100	335.760700ms	0.0	186.986500ms	2001	186.986500ms	0.0	186.986500ms	2001	186.986500ms	0.0	
1034	502366	496	3983658	2630	75	214431.0	45	300870.0	25	301814.0	34	370088.0	23	335788.0	1.7976931348623157E308	0.0	332.101400ms	1100	332.101400ms	0.0	332.101400ms	1100	332.101400ms	0.0	338.578300ms	100	338.578300ms	0.0012259776617771423	127.754100ms	1430	127.754100ms	1.1086295561615288E-7	127.754100ms	1430	127.754100ms	1.1086295561615288E-7	
1035	502756	389	3984906	1248	75	214427.0	45	300870.0	25	301814.0	34	370088.0	23	335788.0	1.7976931348623157E308	0.0	336.455100ms	1100	336.455100ms	0.0	336.455100ms	1100	336.455100ms	0.0	362.405800ms	100	362.405800ms	0.0	14.288300ms	48	14.288300ms	3.8862540086698205E-7	14.288300ms	48	14.288300ms	3.8862540086698205E-7	
1036	503163	406	3986329	1423	75	214321.0	45	300870.0	25	301814.0	34	370088.0	23	335788.0	1.7976931348623157E308	0.0	336.671400ms	1100	336.671400ms	0.0	336.671400ms	1100	336.671400ms	0.0	381.160600ms	100	381.160600ms	0.0	28.560900ms	224	28.560900ms	2.206878264930656E-6	28.560900ms	224	28.560900ms	2.206878264930656E-6	
1037	503571	408	3987568	1239	75	214306.0	45	300870.0	25	301814.0	34	370088.0	23	335788.0	1.7976931348623157E308	0.0	353.882600ms	1100	353.882600ms	0.0	353.882600ms	1100	353.882600ms	0.0	395.502100ms	100	395.502100ms	0.0	13.544600ms	39	13.544600ms	1.7945762879768596E-6	13.544600ms	39	13.544600ms	1.7945762879768596E-6	
1038	504006	434	3989164	1596	75	214305.0	45	300870.0	25	301814.0	34	370088.0	23	335788.0	1.7976931348623157E308	0.0	340.225500ms	1100	340.225500ms	0.0	340.225500ms	1100	340.225500ms	0.0	377.714300ms	100	377.714300ms	0.0	53.934600ms	396	53.934600ms	1.1783396289575007E-8	53.934600ms	396	53.934600ms	1.1783396289575007E-8	
1039	504584	577	3990736	1572	75	214262.0	45	300870.0	25	301814.0	34	370088.0	23	335788.0	1.7976931348623157E308	0.0	491.896300ms	1100	491.896300ms	0.0	491.896300ms	1100	491.896300ms	0.0	414.901400ms	100	414.901400ms	0.0	41.888500ms	372	41.888500ms	5.393779792794148E-7	41.888500ms	372	41.888500ms	5.393779792794148E-7	
1040	505342	758	3991999	1263	75	214256.0	45	300870.0	25	301814.0	34	370088.0	23	335788.0	1.7976931348623157E308	0.0	588.690900ms	1100	588.690900ms	0.0	588.690900ms	1100	588.690900ms	0.0	467.109100ms	100	467.109100ms	0.0	111.705500ms	63	111.705500ms	4.4449363507353165E-7	111.705500ms	63	111.705500ms	4.4449363507353165E-7	
1041	506132	789	3993461	1462	75	214215.0	45	300870.0	25	301814.0	34	370088.0	23	335788.0	1.7976931348623157E308	0.0	685.097300ms	1100	685.097300ms	0.0	685.097300ms	1100	685.097300ms	0.0	427.689900ms	100	427.689900ms	0.0	57.274700ms	262	57.274700ms	7.303811777421429E-7	57.274700ms	262	57.274700ms	7.303811777421429E-7	
1042	506829	696	3996662	3201	75	214215.0	45	300870.0	25	301814.0	34	370088.0	23	335788.0	1.7976931348623157E308	0.0	460.906ms	1100	460.906ms	0.0	460.906ms	1100	460.906ms	0.0	475.676600ms	100	475.676600ms	0.0	183.560800ms	2001	183.560800ms	0.0	183.560800ms	2001	183.560800ms	0.0	
1043	507511	681	3999863	3201	75	214215.0	45	300870.0	25	301814.0	34	370088.0	23	335788.0	1.7976931348623157E308	0.0	427.683800ms	1100	427.683800ms	0.0	427.683800ms	1100	427.683800ms	0.0	386.063100ms	100	386.063100ms	0.0	209.944900ms	2001	209.944900ms	0.0	209.944900ms	2001	209.944900ms	0.0	
1044	508013	502	4002186	2323	75	214132.0	45	300870.0	25	301814.0	34	370088.0	23	335788.0	1.7976931348623157E308	0.0	354.451500ms	1100	354.451500ms	0.0	354.451500ms	1100	354.451500ms	0.0	379.518500ms	100	379.518500ms	0.0	105.792700ms	1124	105.792700ms	3.447163661280294E-7	105.792700ms	1124	105.792700ms	3.447163661280294E-7	
1045	508552	538	4004296	2110	75	214098.0	45	300870.0	25	301814.0	34	370088.0	23	335788.0	1.7976931348623157E308	0.0	379.68ms	1100	379.68ms	0.0	379.68ms	1100	379.68ms	0.0	389.295600ms	100	389.295600ms	0.0	118.178800ms	910	118.178800ms	1.7448413764710412E-7	118.178800ms	910	118.178800ms	1.7448413764710412E-7	
1046	509163	611	4007497	3201	75	214098.0	45	300870.0	25	301814.0	34	370088.0	23	335788.0	1.7976931348623157E308	0.0	386.116400ms	1100	386.116400ms	0.0	386.116400ms	1100	386.116400ms	0.0	434.817300ms	100	434.817300ms	0.0	179.555ms	2001	179.555ms	0.0	179.555ms	2001	179.555ms	0.0	
1047	509750	586	4010698	3201	75	214098.0	45	300870.0	25	301814.0	34	370088.0	23	335788.0	1.7976931348623157E308	0.0	354.334500ms	1100	354.334500ms	0.0	354.334500ms	1100	354.334500ms	0.0	422.339100ms	100	422.339100ms	0.0	189.327300ms	2001	189.327300ms	0.0	189.327300ms	2001	189.327300ms	0.0	
1048	510332	581	4013899	3201	75	214098.0	45	300870.0	25	301814.0	34	370088.0	23	335788.0	1.7976931348623157E308	0.0	363.147900ms	1100	363.147900ms	0.0	363.147900ms	1100	363.147900ms	0.0	407.562900ms	100	407.562900ms	0.0	176.626900ms	2001	176.626900ms	0.0	176.626900ms	2001	176.626900ms	0.0	
1049	510888	556	4017056	3157	75	214094.0	45	300870.0	25	301814.0	34	370088.0	23	335788.0	1.7976931348623157E308	0.0	343.171800ms	1100	343.171800ms	0.0	343.171800ms	1100	343.171800ms	0.0	366.923800ms	100	366.923800ms	3.791684940404494E-5	173.369600ms	1957	173.369600ms	9.54677210197428E-9	173.369600ms	1957	173.369600ms	9.54677210197428E-9	
1050	511356	468	4018993	1937	75	214040.0	45	300870.0	25	301814.0	34	370088.0	23	335788.0	1.7976931348623157E308	0.0	356.705800ms	1100	356.705800ms	0.0	356.705800ms	1100	356.705800ms	0.0	366.546500ms	100	366.546500ms	0.0	72.649200ms	737	72.649200ms	3.4223291436720117E-7	72.649200ms	737	72.649200ms	3.4223291436720117E-7	
1051	511796	440	4020210	1217	75	213866.0	45	300870.0	25	301814.0	34	370088.0	23	335788.0	1.7976931348623157E308	0.0	386.875800ms	1100	386.875800ms	0.0	386.875800ms	1100	386.875800ms	0.0	379.266ms	100	379.266ms	0.0	11.723700ms	17	11.723700ms	4.781953895368683E-5	11.723700ms	17	11.723700ms	4.781953895368683E-5	
1052	512382	585	4023411	3201	75	213866.0	45	300870.0	25	301814.0	34	370088.0	23	335788.0	1.7976931348623157E308	0.0	361.038600ms	1100	361.038600ms	0.0	361.038600ms	1100	361.038600ms	0.0	428.757300ms	100	428.757300ms	1.2278978388997608E-5	177.544700ms	2001	177.544700ms	0.0	177.544700ms	2001	177.544700ms	0.0	
1053	512947	564	4026612	3201	75	213866.0	45	300870.0	25	301814.0	34	370088.0	23	335788.0	1.7976931348623157E308	0.0	346.047300ms	1100	346.047300ms	0.0	346.047300ms	1100	346.047300ms	0.0	390.801900ms	100	390.801900ms	0.0	177.457600ms	2001	177.457600ms	0.0	177.457600ms	2001	177.457600ms	0.0	
1054	513545	598	4029813	3201	75	213866.0	45	300870.0	25	301814.0	34	370088.0	41	335620.0	1.7976931348623157E308	0.0	368.240600ms	1100	368.240600ms	0.0	368.240600ms	1100	368.240600ms	0.0	387.728800ms	100	387.728800ms	5.306075702914737E-4	188.206100ms	2001	188.206100ms	0.0	188.206100ms	2001	188.206100ms	0.0	
1055	514030	484	4032106	2293	75	213806.0	45	300870.0	25	301814.0	34	370088.0	41	335620.0	1.7976931348623157E308	0.0	342.046ms	1100	342.046ms	0.0	342.046ms	1100	342.046ms	0.0	376.836ms	100	376.836ms	0.0	102.276100ms	1093	102.276100ms	2.566784107591475E-7	102.276100ms	1093	102.276100ms	2.566784107591475E-7	
1056	514454	424	4033487	1381	75	213750.0	45	300870.0	25	301814.0	34	370088.0	41	335620.0	1.7976931348623157E308	0.0	358.206300ms	1100	358.206300ms	0.0	358.206300ms	1100	358.206300ms	0.0	385.614700ms	100	385.614700ms	0.0	25.479400ms	181	25.479400ms	1.4470700784510537E-6	25.479400ms	181	25.479400ms	1.4470700784510537E-6	
1057	514870	415	4034741	1254	75	213733.0	45	300870.0	25	301814.0	34	370088.0	41	335620.0	1.7976931348623157E308	0.0	361.190400ms	1100	361.190400ms	0.0	361.190400ms	1100	361.190400ms	0.0	371.911ms	100	371.911ms	0.0	14.693900ms	55	14.693900ms	1.4460393407759883E-6	14.693900ms	55	14.693900ms	1.4460393407759883E-6	
1058	515326	455	4036268	1527	75	213719.0	45	300870.0	25	301814.0	34	370088.0	41	335620.0	1.7976931348623157E308	0.0	377.062200ms	1100	377.062200ms	0.0	377.062200ms	1100	377.062200ms	0.0	376.763100ms	100	376.763100ms	0.0	37.816600ms	327	37.816600ms	2.0031279988349394E-7	37.816600ms	327	37.816600ms	2.0031279988349394E-7	
1059	515914	588	4039469	3201	75	213719.0	45	300870.0	25	301814.0	34	370088.0	41	335620.0	1.7976931348623157E308	0.0	359.385400ms	1100	359.385400ms	0.0	359.385400ms	1100	359.385400ms	0.0	396.901900ms	100	396.901900ms	0.0	188.061100ms	2001	188.061100ms	0.0	188.061100ms	2001	188.061100ms	0.0	
1060	516425	510	4041721	2252	75	213696.0	45	300870.0	25	301814.0	34	370088.0	41	335620.0	1.7976931348623157E308	0.0	367.877400ms	1100	367.877400ms	0.0	367.877400ms	1100	367.877400ms	0.0	384.105900ms	100	384.105900ms	0.0	98.542400ms	1052	98.542400ms	1.0229842864093224E-7	98.542400ms	1052	98.542400ms	1.0229842864093224E-7	
1061	516837	412	4043011	1290	75	213622.0	45	300870.0	25	301814.0	34	370088.0	41	335620.0	1.7976931348623157E308	0.0	351.506700ms	1100	351.506700ms	0.0	351.506700ms	1100	351.506700ms	0.0	391.110300ms	100	391.110300ms	0.0	17.467600ms	90	17.467600ms	3.847625702972183E-6	17.467600ms	90	17.467600ms	3.847625702972183E-6	
1062	517260	423	4044309	1298	75	213406.0	45	300870.0	25	301814.0	34	370088.0	41	335620.0	1.7976931348623157E308	0.0	363.409800ms	1100	363.409800ms	0.0	363.409800ms	1100	363.409800ms	0.0	396.458300ms	100	396.458300ms	0.0	18.464400ms	98	18.464400ms	1.0317671553740105E-5	18.464400ms	98	18.464400ms	1.0317671553740105E-5	
1063	517682	421	4045806	1497	75	213083.0	45	300870.0	25	301814.0	34	370088.0	72	335574.0	1.7976931348623157E308	0.0	346.119500ms	1100	346.119500ms	4.266349932830432E-9	346.119500ms	1100	346.119500ms	4.266349932830432E-9	380.556900ms	100	380.556900ms	0.0010494412710532885	35.285200ms	298	35.285200ms	5.063292094653615E-6	35.285200ms	298	35.285200ms	5.063292094653615E-6	
1064	518082	399	4047006	1200	75	213083.0	45	300870.0	25	301814.0	34	370088.0	72	335574.0	1.7976931348623157E308	0.0	358.830200ms	1100	358.830200ms	0.0	358.830200ms	1100	358.830200ms	0.0	375.517ms	100	375.517ms	0.0	0s	0	0s	0.0	0s	0	0s	0.0	
1065	518724	642	4050207	3201	75	213083.0	45	300870.0	25	301814.0	34	370088.0	72	335574.0	1.7976931348623157E308	0.0	425.325200ms	1100	425.325200ms	0.0	425.325200ms	1100	425.325200ms	0.0	380.477900ms	100	380.477900ms	0.0	176.899200ms	2001	176.899200ms	0.0	176.899200ms	2001	176.899200ms	0.0	
1066	519290	565	4052847	2640	75	213002.0	45	300870.0	25	301814.0	34	370088.0	72	335574.0	1.7976931348623157E308	0.0	394.891800ms	1100	394.891800ms	0.0	394.891800ms	1100	394.891800ms	0.0	372.641300ms	100	372.641300ms	0.0	130.726200ms	1440	130.726200ms	2.6398164095683037E-7	130.726200ms	1440	130.726200ms	2.6398164095683037E-7	
1067	519776	485	4054867	2020	75	212990.0	45	300870.0	25	301814.0	34	370088.0	72	335574.0	1.7976931348623157E308	0.0	363.619ms	1100	363.619ms	0.0	363.619ms	1100	363.619ms	0.0	404.201300ms	100	404.201300ms	0.0	79.018100ms	820	79.018100ms	6.870426729077832E-8	79.018100ms	820	79.018100ms	6.870426729077832E-8	
1068	520220	444	4056352	1485	75	212984.0	45	300870.0	25	301814.0	34	370088.0	72	335574.0	1.7976931348623157E308	0.0	363.459200ms	1100	363.459200ms	0.0	363.459200ms	1100	363.459200ms	0.0	414.275ms	100	414.275ms	0.0	33.822700ms	285	33.822700ms	9.884328644032031E-8	33.822700ms	285	33.822700ms	9.884328644032031E-8	
1069	520680	460	4057977	1625	75	212936.0	45	300870.0	25	301814.0	34	370088.0	72	335574.0	1.7976931348623157E308	0.0	373.322100ms	1100	373.322100ms	1.3659755968463794E-7	373.322100ms	1100	373.322100ms	1.3659755968463794E-7	377.425400ms	100	377.425400ms	0.0	47.449300ms	425	47.449300ms	1.767600327889591E-7	47.449300ms	425	47.449300ms	1.767600327889591E-7	
1070	521095	414	4059177	1200	75	212936.0	45	300870.0	25	301814.0	34	370088.0	72	335574.0	1.7976931348623157E308	0.0	374.144100ms	1100	374.144100ms	0.0	374.144100ms	1100	374.144100ms	0.0	383.800100ms	100	383.800100ms	0.0	0s	0	0s	0.0	0s	0	0s	0.0	
1071	521611	515	4061681	2504	75	212713.0	45	300870.0	25	301814.0	34	370088.0	72	335574.0	1.7976931348623157E308	0.0	344.854900ms	1100	344.854900ms	3.246921085718991E-7	344.854900ms	1100	344.854900ms	3.246921085718991E-7	377.729300ms	100	377.729300ms	0.0	129.567600ms	1304	129.567600ms	5.294081853218235E-7	129.567600ms	1304	129.567600ms	5.294081853218235E-7	
1072	522020	408	4062880	1199	75	212704.0	45	300870.0	25	301814.0	34	370088.0	72	335574.0	1.7976931348623157E308	0.0	368.357200ms	1100	368.357200ms	3.8464119173782634E-8	368.357200ms	1100	368.357200ms	3.8464119173782634E-8	385.236700ms	100	385.236700ms	4.2270359511542566E-5	0s	0	0s	0.0	0s	0	0s	0.0	
1073	522487	467	4064080	1200	75	212704.0	45	300870.0	25	301814.0	34	370088.0	72	335574.0	1.7976931348623157E308	0.0	426.912800ms	1100	426.912800ms	0.0	426.912800ms	1100	426.912800ms	0.0	372.619300ms	100	372.619300ms	0.0	0s	0	0s	0.0	0s	0	0s	0.0	
1074	523097	610	4067281	3201	75	212704.0	45	300870.0	25	301814.0	34	370088.0	72	335574.0	1.7976931348623157E308	0.0	372.290500ms	1100	372.290500ms	0.0	372.290500ms	1100	372.290500ms	0.0	387.135200ms	100	387.135200ms	0.0	195.820600ms	2001	195.820600ms	0.0	195.820600ms	2001	195.820600ms	0.0	
1075	523660	563	4070481	3200	75	212704.0	45	300870.0	25	301814.0	34	370088.0	72	335574.0	1.7976931348623157E308	0.0	345.841100ms	1100	345.841100ms	0.0	345.841100ms	1100	345.841100ms	0.0	383.387800ms	100	383.387800ms	0.0	175.718200ms	2001	175.718200ms	0.0	175.718200ms	2001	175.718200ms	0.0	
1076	524141	480	4072693	2212	75	212653.0	45	300870.0	25	301814.0	34	370088.0	72	335574.0	1.7976931348623157E308	0.0	345.148800ms	1100	345.148800ms	8.549913325207503E-9	345.148800ms	1100	345.148800ms	8.549913325207503E-9	369.013200ms	100	369.013200ms	0.0	96.129ms	1012	96.129ms	2.2763545740572053E-7	96.129ms	1012	96.129ms	2.2763545740572053E-7	
1077	524595	453	4073892	1199	75	212653.0	45	300870.0	25	301814.0	34	370088.0	72	335574.0	1.7976931348623157E308	0.0	413.094500ms	1100	413.094500ms	0.0	413.094500ms	1100	413.094500ms	0.0	379.846900ms	100	379.846900ms	0.0	0s	0	0s	0.0	0s	0	0s	0.0	
1078	525045	450	4075616	1724	75	212629.0	45	300870.0	25	301814.0	34	370088.0	72	335574.0	1.7976931348623157E308	0.0	354.479700ms	1100	354.479700ms	0.0	354.479700ms	1100	354.479700ms	0.0	383.953300ms	100	383.953300ms	0.0	54.458100ms	524	54.458100ms	2.153815216223692E-7	54.458100ms	524	54.458100ms	2.153815216223692E-7	
1079	525488	443	4077211	1595	75	212578.0	45	300870.0	25	301814.0	34	370088.0	72	335574.0	1.7976931348623157E308	0.0	357.677500ms	1100	357.677500ms	0.0	357.677500ms	1100	357.677500ms	0.0	388.746200ms	100	388.746200ms	0.0	44.505700ms	395	44.505700ms	6.072263146165621E-7	44.505700ms	395	44.505700ms	6.072263146165621E-7	
1080	526070	581	4080411	3200	75	212578.0	45	300870.0	25	301814.0	34	370088.0	20	335371.0	1.7976931348623157E308	0.0	342.942800ms	1100	342.942800ms	0.0	342.942800ms	1100	342.942800ms	0.0	370.421100ms	100	370.421100ms	2.4386370921024357E-4	198.874600ms	2001	198.874600ms	0.0	198.874600ms	2001	198.874600ms	0.0	
1081	526562	492	4082390	1979	75	212533.0	45	300870.0	25	301814.0	34	370088.0	20	335371.0	1.7976931348623157E308	0.0	366.283200ms	1100	366.283200ms	0.0	366.283200ms	1100	366.283200ms	0.0	385.481400ms	100	385.481400ms	6.6297113723075E-5	85.337300ms	779	85.337300ms	2.717419824128783E-7	85.337300ms	779	85.337300ms	2.717419824128783E-7	
1082	527018	456	4083980	1590	75	212447.0	45	300870.0	25	301814.0	34	370088.0	78	335311.0	1.7976931348623157E308	0.0	372.847300ms	1100	372.847300ms	0.0	372.847300ms	1100	372.847300ms	0.0	370.425800ms	100	370.425800ms	7.2876264990415E-4	43.553500ms	390	43.553500ms	1.0375462658166554E-6	43.553500ms	390	43.553500ms	1.0375462658166554E-6	
1083	527456	437	4085315	1335	75	212431.0	45	300870.0	25	301814.0	34	370088.0	78	335311.0	1.7976931348623157E308	0.0	373.650500ms	1100	373.650500ms	0.0	373.650500ms	1100	373.650500ms	0.0	408.747ms	100	408.747ms	0.0	21.835400ms	135	21.835400ms	5.578733449681558E-7	21.835400ms	135	21.835400ms	5.578733449681558E-7	
1084	528005	549	4086967	1652	75	212268.0	45	300870.0	25	301814.0	34	370088.0	78	335311.0	1.7976931348623157E308	0.0	465.228800ms	1100	465.228800ms	0.0	465.228800ms	1100	465.228800ms	0.0	322.380500ms	100	322.380500ms	0.0	47.878100ms	452	47.878100ms	1.6975840109331363E-6	47.878100ms	452	47.878100ms	1.6975840109331363E-6	
1085	528600	594	4090168	3201	75	212268.0	45	300870.0	25	301814.0	34	370088.0	78	335311.0	1.7976931348623157E308	0.0	364.763300ms	1100	364.763300ms	0.0	364.763300ms	1100	364.763300ms	0.0	391.202400ms	100	391.202400ms	0.0	188.145400ms	2001	188.145400ms	0.0	188.145400ms	2001	188.145400ms	0.0	
1086	529222	622	4093369	3201	75	212268.0	45	300870.0	25	301814.0	34	370088.0	78	335311.0	1.7976931348623157E308	0.0	354.780900ms	1100	354.780900ms	0.0	354.780900ms	1100	354.780900ms	0.0	388.059200ms	100	388.059200ms	0.0	226.592900ms	2001	226.592900ms	0.0	226.592900ms	2001	226.592900ms	0.0	
1087	529796	573	4096570	3201	75	212268.0	45	300870.0	25	301814.0	34	370088.0	78	335311.0	1.7976931348623157E308	0.0	342.863400ms	1100	342.863400ms	0.0	342.863400ms	1100	342.863400ms	0.0	371.890400ms	100	371.890400ms	0.0	190.986900ms	2001	190.986900ms	0.0	190.986900ms	2001	190.986900ms	0.0	
1088	530288	492	4098650	2080	75	212267.0	45	300870.0	25	301814.0	34	370088.0	78	335311.0	1.7976931348623157E308	0.0	368.401500ms	1100	368.401500ms	0.0	368.401500ms	1100	368.401500ms	0.0	376.920900ms	100	376.920900ms	0.0	83.931700ms	880	83.931700ms	5.353438277904738E-9	83.931700ms	880	83.931700ms	5.353438277904738E-9	
1089	530785	497	4100859	2209	75	212265.0	45	300870.0	25	301814.0	34	370088.0	78	335311.0	1.7976931348623157E308	0.0	353.353900ms	1100	353.353900ms	0.0	353.353900ms	1100	353.353900ms	0.0	363.768900ms	100	363.768900ms	0.0	104.631700ms	1010	104.631700ms	9.328807679917863E-9	104.631700ms	1010	104.631700ms	9.328807679917863E-9	
1090	531439	653	4104060	3201	75	212049.0	45	300870.0	25	301814.0	34	370088.0	78	335311.0	1.7976931348623157E308	0.0	435.072300ms	1100	435.072300ms	9.250872087420501E-7	435.072300ms	1100	435.072300ms	9.250872087420501E-7	380.965ms	100	380.965ms	0.0	175.604900ms	2001	175.604900ms	0.0	175.604900ms	2001	175.604900ms	0.0	
1091	531827	388	4105260	1200	75	212049.0	45	300870.0	25	301814.0	34	370088.0	78	335311.0	1.7976931348623157E308	0.0	349.458700ms	1100	349.458700ms	0.0	349.458700ms	1100	349.458700ms	0.0	358.923600ms	100	358.923600ms	0.0	0s	0	0s	0.0	0s	0	0s	0.0	
1092	532438	610	4107985	2725	75	212034.0	45	300870.0	25	301814.0	34	370088.0	78	335311.0	1.7976931348623157E308	0.0	434.080700ms	1100	434.080700ms	0.0	434.080700ms	1100	434.080700ms	0.0	370.912900ms	100	370.912900ms	0.0	137.208200ms	1525	137.208200ms	4.638581447573491E-8	137.208200ms	1525	137.208200ms	4.638581447573491E-8	
1093	533004	566	4111186	3201	75	212034.0	45	300870.0	25	301814.0	34	370088.0	78	335311.0	1.7976931348623157E308	0.0	343.195600ms	1100	343.195600ms	0.0	343.195600ms	1100	343.195600ms	0.0	378.869700ms	100	378.869700ms	0.0	182.407100ms	2001	182.407100ms	0.0	182.407100ms	2001	182.407100ms	0.0	
1094	533564	559	4114387	3201	75	212034.0	45	300870.0	25	301814.0	34	370088.0	72	335161.0	1.7976931348623157E308	0.0	343.492500ms	1100	343.492500ms	0.0	343.492500ms	1100	343.492500ms	0.0	361.309600ms	100	361.309600ms	1.2307270527514015E-5	177.377600ms	2001	177.377600ms	0.0	177.377600ms	2001	177.377600ms	0.0	
1095	534125	561	4117588	3201	75	212034.0	45	300870.0	25	301814.0	34	370088.0	72	335161.0	1.7976931348623157E308	0.0	344.941900ms	1100	344.941900ms	0.0	344.941900ms	1100	344.941900ms	0.0	360.711700ms	100	360.711700ms	0.0	176.558200ms	2001	176.558200ms	0.0	176.558200ms	2001	176.558200ms	0.0	
1096	534549	423	4118965	1377	75	212033.0	45	300870.0	25	301814.0	34	370088.0	72	335161.0	1.7976931348623157E308	0.0	353.668700ms	1100	353.668700ms	0.0	353.668700ms	1100	353.668700ms	0.0	406.723900ms	100	406.723900ms	0.0	24.848500ms	177	24.848500ms	2.664533760675639E-8	24.848500ms	177	24.848500ms	2.664533760675639E-8	
1097	535033	484	4120976	2011	75	212020.0	45	300870.0	25	301814.0	34	370088.0	72	335161.0	1.7976931348623157E308	0.0	347.364800ms	1100	347.364800ms	0.0	347.364800ms	1100	347.364800ms	0.0	369.609ms	100	369.609ms	0.0	97.73ms	811	97.73ms	7.559952033382641E-8	97.73ms	811	97.73ms	7.559952033382641E-8	
1098	535434	401	4122244	1268	75	211792.0	45	300870.0	25	301814.0	34	370088.0	72	335161.0	1.7976931348623157E308	0.0	345.422500ms	1100	345.422500ms	0.0	345.422500ms	1100	345.422500ms	0.0	386.968400ms	100	386.968400ms	0.0	15.645600ms	68	15.645600ms	1.581426835426163E-5	15.645600ms	68	15.645600ms	1.581426835426163E-5	
1099	535953	518	4124798	2554	75	211711.0	45	300870.0	25	301814.0	34	370088.0	72	335161.0	1.7976931348623157E308	0.0	355.342400ms	1100	355.342400ms	1.6743586991521928E-7	355.342400ms	1100	355.342400ms	1.6743586991521928E-7	358.151800ms	100	358.151800ms	0.0	124.391100ms	1355	124.391100ms	1.4635260049055094E-7	124.391100ms	1355	124.391100ms	1.4635260049055094E-7	
1100	536360	407	4125998	1200	75	211711.0	45	300870.0	25	301814.0	34	370088.0	72	335161.0	1.7976931348623157E308	0.0	367.981600ms	1100	367.981600ms	0.0	367.981600ms	1100	367.981600ms	0.0	367.991800ms	100	367.991800ms	0.0	0s	0	0s	0.0	0s	0	0s	0.0	
1101	536850	489	4127952	1954	75	211583.0	45	300870.0	25	301814.0	34	370088.0	72	335161.0	1.7976931348623157E308	0.0	377.896700ms	1100	377.896700ms	0.0	377.896700ms	1100	377.896700ms	0.0	364.494900ms	100	364.494900ms	0.0	72.819200ms	754	72.819200ms	8.018538158600646E-7	72.819200ms	754	72.819200ms	8.018538158600646E-7	
1102	537269	419	4129176	1224	75	211369.0	45	300870.0	25	301814.0	34	370088.0	72	335161.0	1.7976931348623157E308	0.0	365.18ms	1100	365.18ms	0.0	365.18ms	1100	365.18ms	0.0	400.835800ms	100	400.835800ms	0.0	11.711200ms	24	11.711200ms	4.214264220975724E-5	11.711200ms	24	11.711200ms	4.214264220975724E-5	
1103	537748	479	4130683	1507	75	211309.0	45	300870.0	25	301814.0	34	370088.0	72	335161.0	1.7976931348623157E308	0.0	399.921ms	1100	399.921ms	2.451585487646528E-7	399.921ms	1100	399.921ms	2.451585487646528E-7	415.536200ms	100	415.536200ms	0.0	35.615500ms	307	35.615500ms	4.623188343917749E-8	35.615500ms	307	35.615500ms	4.623188343917749E-8	
1104	538155	406	4131883	1200	75	211309.0	45	300870.0	25	301814.0	34	370088.0	72	335161.0	1.7976931348623157E308	0.0	362.345900ms	1100	362.345900ms	0.0	362.345900ms	1100	362.345900ms	0.0	399.264300ms	100	399.264300ms	0.0	0s	0	0s	0.0	0s	0	0s	0.0	
1105	538581	426	4133286	1403	75	211297.0	45	300870.0	25	301814.0	34	370088.0	72	335161.0	1.7976931348623157E308	0.0	351.242500ms	1100	351.242500ms	0.0	351.242500ms	1100	351.242500ms	0.0	458.622100ms	100	458.622100ms	0.0	27.489100ms	203	27.489100ms	2.797481436784996E-7	27.489100ms	203	27.489100ms	2.797481436784996E-7	
1106	539065	484	4135186	1900	75	211266.0	45	300870.0	25	301814.0	34	370088.0	72	335161.0	1.7976931348623157E308	0.0	362.325400ms	1100	362.325400ms	0.0	362.325400ms	1100	362.325400ms	0.0	381.433800ms	100	381.433800ms	0.0	80.435800ms	700	80.435800ms	2.0958988667940658E-7	80.435800ms	700	80.435800ms	2.0958988667940658E-7	
1107	539535	469	4136691	1505	75	211250.0	45	300870.0	25	301814.0	34	370088.0	72	335161.0	1.7976931348623157E308	0.0	386.080100ms	1100	386.080100ms	0.0	386.080100ms	1100	386.080100ms	0.0	405.250800ms	100	405.250800ms	0.0	36.107100ms	305	36.107100ms	2.4830789806893205E-7	36.107100ms	305	36.107100ms	2.4830789806893205E-7	
1108	540062	526	4138614	1923	75	211239.0	45	300870.0	25	301814.0	34	370088.0	72	335161.0	1.7976931348623157E308	0.0	393.430300ms	1100	393.430300ms	0.0	393.430300ms	1100	393.430300ms	0.0	379.455300ms	100	379.455300ms	0.0	92.389900ms	723	92.389900ms	7.202075507219646E-8	92.389900ms	723	92.389900ms	7.202075507219646E-8	
1109	540703	641	4141815	3201	75	211239.0	45	300870.0	25	301814.0	34	370088.0	72	335161.0	1.7976931348623157E308	0.0	365.358500ms	1100	365.358500ms	0.0	365.358500ms	1100	365.358500ms	0.0	388.286400ms	100	388.286400ms	3.7748433504314447E-4	234.540400ms	2001	234.540400ms	0.0	234.540400ms	2001	234.540400ms	0.0	
1110	541182	478	4144025	2210	75	211172.0	45	300870.0	25	301814.0	34	370088.0	72	335161.0	1.7976931348623157E308	0.0	344.717ms	1100	344.717ms	0.0	344.717ms	1100	344.717ms	0.0	373.946300ms	100	373.946300ms	0.0	94.152ms	1010	94.152ms	3.1403591980348385E-7	94.152ms	1010	94.152ms	3.1403591980348385E-7	
1111	541776	593	4147226	3201	75	211172.0	45	300870.0	25	301814.0	34	370088.0	72	335161.0	1.7976931348623157E308	0.0	378.659700ms	1100	378.659700ms	0.0	378.659700ms	1100	378.659700ms	0.0	397.093600ms	100	397.093600ms	0.0	174.592400ms	2001	174.592400ms	0.0	174.592400ms	2001	174.592400ms	0.0	
1112	542314	537	4150043	2817	75	211137.0	45	300870.0	25	301814.0	34	370088.0	72	335161.0	1.7976931348623157E308	0.0	350.908300ms	1100	350.908300ms	0.0	350.908300ms	1100	350.908300ms	0.0	391.826100ms	100	391.826100ms	0.0	145.395300ms	1617	145.395300ms	1.024994868875375E-7	145.395300ms	1617	145.395300ms	1.024994868875375E-7	
1113	542900	586	4153156	3113	75	211132.0	45	300870.0	25	301814.0	34	370088.0	72	335161.0	1.7976931348623157E308	0.0	376.892600ms	1100	376.892600ms	0.0	376.892600ms	1100	376.892600ms	0.0	372.332500ms	100	372.332500ms	2.0907842845775183E-4	169.944400ms	1913	169.944400ms	1.2379146079645952E-8	169.944400ms	1913	169.944400ms	1.2379146079645952E-8	
1114	543363	462	4154891	1735	75	211112.0	45	300870.0	25	301814.0	34	370088.0	72	335161.0	1.7976931348623157E308	0.0	361.326500ms	1100	361.326500ms	0.0	361.326500ms	1100	361.326500ms	0.0	405.060500ms	100	405.060500ms	0.0	56.194700ms	535	56.194700ms	1.7706068985320563E-7	56.194700ms	535	56.194700ms	1.7706068985320563E-7	
1115	543936	573	4158092	3201	75	211112.0	45	300870.0	25	301814.0	34	370088.0	72	335161.0	1.7976931348623157E308	0.0	347.407400ms	1100	347.407400ms	0.0	347.407400ms	1100	347.407400ms	0.0	353.021200ms	100	353.021200ms	0.0	186.764600ms	2001	186.764600ms	0.0	186.764600ms	2001	186.764600ms	0.0	
1116	544489	553	4160844	2752	75	211038.0	45	300870.0	25	301814.0	34	370088.0	72	335161.0	1.7976931348623157E308	0.0	361.517800ms	1100	361.517800ms	0.0	361.517800ms	1100	361.517800ms	0.0	397.215200ms	100	397.215200ms	0.0	148.565500ms	1552	148.565500ms	2.258536339532179E-7	148.565500ms	1552	148.565500ms	2.258536339532179E-7	
1117	545019	529	4163274	2430	75	211005.0	45	300870.0	25	301814.0	34	370088.0	72	335161.0	1.7976931348623157E308	0.0	355.266600ms	1100	355.266600ms	0.0	355.266600ms	1100	355.266600ms	0.0	386.600300ms	100	386.600300ms	0.0	132.801800ms	1230	132.801800ms	1.271300348405204E-7	132.801800ms	1230	132.801800ms	1.271300348405204E-7	
1118	545467	448	4164718	1444	75	211004.0	45	300870.0	25	301814.0	34	370088.0	72	335161.0	1.7976931348623157E308	0.0	377.782800ms	1100	377.782800ms	0.0	377.782800ms	1100	377.782800ms	0.0	362.206300ms	100	362.206300ms	0.0	31.518500ms	244	31.518500ms	1.9423049954821897E-8	31.518500ms	244	31.518500ms	1.9423049954821897E-8	
1119	545936	468	4166517	1799	75	210936.0	45	300870.0	25	301814.0	34	370088.0	72	335161.0	1.7976931348623157E308	0.0	344.402200ms	1100	344.402200ms	0.0	344.402200ms	1100	344.402200ms	0.0	372.256500ms	100	372.256500ms	0.0	83.674200ms	599	83.674200ms	5.380113057696498E-7	83.674200ms	599	83.674200ms	5.380113057696498E-7	
1120	546416	480	4167890	1373	75	210909.0	45	300870.0	25	301814.0	34	370088.0	72	335161.0	1.7976931348623157E308	0.0	415.080300ms	1100	415.080300ms	0.0	415.080300ms	1100	415.080300ms	0.0	385.586800ms	100	385.586800ms	0.0	24.519300ms	173	24.519300ms	7.398896545010821E-7	24.519300ms	173	24.519300ms	7.398896545010821E-7	
1121	546825	408	4169254	1364	75	210906.0	45	300870.0	25	301814.0	34	370088.0	72	335161.0	1.7976931348623157E308	0.0	344.508300ms	1100	344.508300ms	0.0	344.508300ms	1100	344.508300ms	0.0	368.460300ms	100	368.460300ms	0.0	24.061400ms	164	24.061400ms	8.673258574486717E-8	24.061400ms	164	24.061400ms	8.673258574486717E-8	
1122	547263	438	4170852	1598	75	210880.0	45	300870.0	25	301814.0	34	370088.0	72	335161.0	1.7976931348623157E308	0.0	347.770300ms	1100	347.770300ms	0.0	347.770300ms	1100	347.770300ms	0.0	445.059800ms	100	445.059800ms	0.0	43.747800ms	398	43.747800ms	3.0974288624231633E-7	43.747800ms	398	43.747800ms	3.0974288624231633E-7	
1123	547698	434	4172527	1675	75	210868.0	45	300870.0	25	301814.0	34	370088.0	72	335161.0	1.7976931348623157E308	0.0	343.331400ms	1100	343.331400ms	0.0	343.331400ms	1100	343.331400ms	0.0	387.466ms	100	387.466ms	0.0	49.724400ms	475	49.724400ms	1.197987381200343E-7	49.724400ms	475	49.724400ms	1.197987381200343E-7	
1124	548317	619	4175728	3201	75	210868.0	45	300870.0	25	301814.0	34	370088.0	72	335161.0	1.7976931348623157E308	0.0	368.611500ms	1100	368.611500ms	0.0	368.611500ms	1100	368.611500ms	0.0	340.484ms	100	340.484ms	0.0	213.656600ms	2001	213.656600ms	0.0	213.656600ms	2001	213.656600ms	0.0	
1125	548896	578	4178929	3201	75	210868.0	45	300870.0	25	301814.0	34	370088.0	72	335161.0	1.7976931348623157E308	0.0	361.368800ms	1100	361.368800ms	0.0	361.368800ms	1100	361.368800ms	0.0	379.602ms	100	379.602ms	0.0	176.628800ms	2001	176.628800ms	0.0	176.628800ms	2001	176.628800ms	0.0	
1126	549464	568	4182130	3201	75	210868.0	45	300870.0	25	301814.0	34	370088.0	72	335161.0	1.7976931348623157E308	0.0	343.499900ms	1100	343.499900ms	0.0	343.499900ms	1100	343.499900ms	0.0	361.559ms	100	361.559ms	0.0	185.580400ms	2001	185.580400ms	0.0	185.580400ms	2001	185.580400ms	0.0	
1127	550043	578	4185331	3201	75	210868.0	45	300870.0	25	301814.0	34	370088.0	72	335161.0	1.7976931348623157E308	0.0	353.476600ms	1100	353.476600ms	0.0	353.476600ms	1100	353.476600ms	0.0	378.372200ms	100	378.372200ms	0.0	185.274500ms	2001	185.274500ms	0.0	185.274500ms	2001	185.274500ms	0.0	
1128	550602	558	4188532	3201	75	210868.0	45	300870.0	25	301814.0	34	370088.0	72	335161.0	1.7976931348623157E308	0.0	341.907300ms	1100	341.907300ms	0.0	341.907300ms	1100	341.907300ms	0.0	379.584100ms	100	379.584100ms	0.0	176.058600ms	2001	176.058600ms	0.0	176.058600ms	2001	176.058600ms	0.0	
1129	551231	629	4191733	3201	75	210868.0	45	300870.0	25	301814.0	34	370088.0	72	335161.0	1.7976931348623157E308	0.0	391.358200ms	1100	391.358200ms	0.0	391.358200ms	1100	391.358200ms	0.0	370.064700ms	100	370.064700ms	0.0	197.909100ms	2001	197.909100ms	0.0	197.909100ms	2001	197.909100ms	0.0	
1130	551804	573	4194934	3201	75	210868.0	45	300870.0	25	301814.0	34	370088.0	72	335161.0	1.7976931348623157E308	0.0	355.498700ms	1100	355.498700ms	0.0	355.498700ms	1100	355.498700ms	0.0	404.840900ms	100	404.840900ms	0.0	174.321300ms	2001	174.321300ms	0.0	174.321300ms	2001	174.321300ms	0.0	
1131	552458	654	4198134	3200	75	210868.0	45	300870.0	25	301814.0	34	370088.0	72	335161.0	1.7976931348623157E308	0.0	339.919500ms	1100	339.919500ms	0.0	339.919500ms	1100	339.919500ms	0.0	392.701900ms	100	392.701900ms	0.0	273.018800ms	2001	273.018800ms	0.0	273.018800ms	2001	273.018800ms	0.0	
1132	553090	631	4201210	3076	75	210815.0	45	300870.0	25	301814.0	34	370088.0	72	335161.0	1.7976931348623157E308	0.0	345.014200ms	1100	345.014200ms	0.0	345.014200ms	1100	345.014200ms	0.0	386.907200ms	100	386.907200ms	0.0	245.615500ms	1876	245.615500ms	1.3397765022250993E-7	245.615500ms	1876	245.615500ms	1.3397765022250993E-7	
1133	553669	578	4204384	3174	75	210779.0	45	300870.0	25	301814.0	34	370088.0	72	335161.0	1.7976931348623157E308	0.0	342.293400ms	1100	342.293400ms	0.0	342.293400ms	1100	342.293400ms	0.0	380.302800ms	100	380.302800ms	0.0	195.895100ms	1974	195.895100ms	8.650751638578693E-8	195.895100ms	1974	195.895100ms	8.650751638578693E-8	
1134	554135	465	4206428	2044	75	210748.0	45	300870.0	25	301814.0	34	370088.0	4	334810.0	1.7976931348623157E308	0.0	347.214800ms	1100	347.214800ms	0.0	347.214800ms	1100	347.214800ms	0.0	361.986400ms	100	361.986400ms	5.161976181240935E-4	79.809500ms	844	79.809500ms	1.7425767187393214E-7	79.809500ms	844	79.809500ms	1.7425767187393214E-7	
1135	554566	431	4208071	1643	75	210735.0	45	300870.0	25	301814.0	34	370088.0	4	334810.0	1.7976931348623157E308	0.0	343.070600ms	1100	343.070600ms	0.0	343.070600ms	1100	343.070600ms	0.0	380.071200ms	100	380.071200ms	0.0	47.058ms	444	47.058ms	1.389302829886581E-7	47.058ms	444	47.058ms	1.389302829886581E-7	
1136	555155	588	4211272	3201	75	210735.0	45	300870.0	25	301814.0	34	370088.0	4	334810.0	1.7976931348623157E308	0.0	363.416400ms	1100	363.416400ms	0.0	363.416400ms	1100	363.416400ms	0.0	370.776800ms	100	370.776800ms	0.0	185.919ms	2001	185.919ms	0.0	185.919ms	2001	185.919ms	0.0	
1137	555766	611	4214473	3201	75	210735.0	45	300870.0	25	301814.0	34	370088.0	4	334810.0	1.7976931348623157E308	0.0	375.497700ms	1100	375.497700ms	0.0	375.497700ms	1100	375.497700ms	0.0	376.158600ms	100	376.158600ms	0.0	196.261300ms	2001	196.261300ms	0.0	196.261300ms	2001	196.261300ms	0.0	
1138	556210	443	4215993	1520	75	210649.0	45	300870.0	25	301814.0	34	370088.0	4	334810.0	1.7976931348623157E308	0.0	366.211800ms	1100	366.211800ms	0.0	366.211800ms	1100	366.211800ms	0.0	359.137500ms	100	359.137500ms	0.0	37.703100ms	320	37.703100ms	1.2752983605000822E-6	37.703100ms	320	37.703100ms	1.2752983605000822E-6	
1139	556785	575	4219194	3201	75	210649.0	45	300870.0	25	301814.0	34	370088.0	4	334810.0	1.7976931348623157E308	0.0	346.091900ms	1100	346.091900ms	0.0	346.091900ms	1100	346.091900ms	0.0	401.57ms	100	401.57ms	0.0	187.936100ms	2001	187.936100ms	0.0	187.936100ms	2001	187.936100ms	0.0	
1140	557327	541	4221785	2591	75	210627.0	45	300870.0	25	301814.0	34	370088.0	94	333767.0	1.7976931348623157E308	0.0	364.980600ms	1100	364.980600ms	0.0	364.980600ms	1100	364.980600ms	0.0	378.100600ms	100	378.100600ms	3.2747117700334007E-4	136.314900ms	1391	136.314900ms	7.508205470332644E-8	136.314900ms	1391	136.314900ms	7.508205470332644E-8	
1141	557749	421	4223059	1274	75	210626.0	45	300870.0	25	301814.0	34	370088.0	94	333767.0	1.7976931348623157E308	0.0	365.495ms	1100	365.495ms	0.0	365.495ms	1100	365.495ms	0.0	366.475900ms	100	366.475900ms	0.0	16.554500ms	74	16.554500ms	6.415850538381322E-8	16.554500ms	74	16.554500ms	6.415850538381322E-8	
1142	558244	495	4224887	1828	75	210448.0	45	300870.0	25	301814.0	34	370088.0	94	333767.0	1.7976931348623157E308	0.0	386.637ms	1100	386.637ms	2.7206524729216463E-7	386.637ms	1100	386.637ms	2.7206524729216463E-7	410.643ms	100	410.643ms	0.0	63.811900ms	628	63.811900ms	8.694131736265382E-7	63.811900ms	628	63.811900ms	8.694131736265382E-7	
1143	558640	395	4226087	1200	75	210411.0	45	300870.0	25	301814.0	34	370088.0	94	333767.0	1.7976931348623157E308	0.0	356.666900ms	1100	356.666900ms	1.598321848454583E-7	356.666900ms	1100	356.666900ms	1.598321848454583E-7	343.034700ms	100	343.034700ms	0.0	0s	0	0s	0.0	0s	0	0s	0.0	
1144	559038	398	4227287	1200	75	210411.0	45	300870.0	25	301814.0	34	370088.0	94	333767.0	1.7976931348623157E308	0.0	358.799200ms	1100	358.799200ms	0.0	358.799200ms	1100	358.799200ms	0.0	370.191700ms	100	370.191700ms	0.0	0s	0	0s	0.0	0s	0	0s	0.0	
1145	559486	447	4228677	1390	75	210404.0	45	300870.0	25	301814.0	34	370088.0	94	333767.0	1.7976931348623157E308	0.0	374.879ms	1100	374.879ms	0.0	374.879ms	1100	374.879ms	0.0	384.764700ms	100	384.764700ms	0.0	27.642400ms	190	27.642400ms	1.7509590878375816E-7	27.642400ms	190	27.642400ms	1.7509590878375816E-7	
1146	559933	447	4229959	1282	75	210380.0	45	300870.0	25	301814.0	34	370088.0	94	333767.0	1.7976931348623157E308	0.0	389.035100ms	1100	389.035100ms	0.0	389.035100ms	1100	389.035100ms	0.0	384.030300ms	100	384.030300ms	4.316649322137822E-5	17.217600ms	83	17.217600ms	1.3742924398110924E-6	17.217600ms	83	17.217600ms	1.3742924398110924E-6	
1147	560366	433	4231248	1289	75	210345.0	45	300870.0	25	301814.0	34	370088.0	94	333767.0	1.7976931348623157E308	0.0	354.394100ms	1100	354.394100ms	0.0	354.394100ms	1100	354.394100ms	0.0	381.679600ms	100	381.679600ms	0.0	38.478600ms	89	38.478600ms	1.8692766753793969E-6	38.478600ms	89	38.478600ms	1.8692766753793969E-6	
1148	560774	408	4232588	1340	75	210236.0	45	300870.0	25	301814.0	34	370088.0	94	333767.0	1.7976931348623157E308	0.0	346.356500ms	1100	346.356500ms	0.0	346.356500ms	1100	346.356500ms	0.0	364.010600ms	100	364.010600ms	0.0	21.918400ms	140	21.918400ms	3.7014021182882725E-6	21.918400ms	140	21.918400ms	3.7014021182882725E-6	
1149	561227	452	4234180	1592	75	210161.0	45	300870.0	25	301814.0	34	370088.0	94	333767.0	1.7976931348623157E308	0.0	367.985700ms	1100	367.985700ms	0.0	367.985700ms	1100	367.985700ms	0.0	379.849100ms	100	379.849100ms	0.0	43.871100ms	392	43.871100ms	9.100559876149958E-7	43.871100ms	392	43.871100ms	9.100559876149958E-7	
1150	561800	572	4237381	3201	75	210161.0	45	300870.0	25	301814.0	34	370088.0	3	333494.0	1.7976931348623157E308	0.0	342.437500ms	1100	342.437500ms	0.0	342.437500ms	1100	342.437500ms	0.0	381.303100ms	100	381.303100ms	6.286248445707798E-4	190.059100ms	2001	190.059100ms	0.0	190.059100ms	2001	190.059100ms	0.0	
1151	562468	668	4240582	3201	75	210161.0	45	300870.0	25	301814.0	34	370088.0	3	333494.0	1.7976931348623157E308	0.0	353.089600ms	1100	353.089600ms	0.0	353.089600ms	1100	353.089600ms	0.0	387.680900ms	100	387.680900ms	0.0	275.080300ms	2001	275.080300ms	0.0	275.080300ms	2001	275.080300ms	0.0	
1152	563041	572	4243783	3201	75	210161.0	45	300870.0	25	301814.0	34	370088.0	3	333494.0	1.7976931348623157E308	0.0	342.986100ms	1100	342.986100ms	0.0	342.986100ms	1100	342.986100ms	0.0	388.247400ms	100	388.247400ms	0.0	187.637500ms	2001	187.637500ms	0.0	187.637500ms	2001	187.637500ms	0.0	
1153	563606	565	4246984	3201	75	210161.0	45	300870.0	25	301814.0	34	370088.0	46	333463.0	1.7976931348623157E308	0.0	341.692900ms	1100	341.692900ms	0.0	341.692900ms	1100	341.692900ms	0.0	366.853300ms	100	366.853300ms	4.7220450847225594E-4	183.733600ms	2001	183.733600ms	0.0	183.733600ms	2001	183.733600ms	0.0	
1154	564190	583	4250185	3201	75	210161.0	45	300870.0	25	301814.0	34	370088.0	46	333463.0	1.7976931348623157E308	0.0	354.214500ms	1100	354.214500ms	0.0	354.214500ms	1100	354.214500ms	0.0	366.822ms	100	366.822ms	0.0	188.599400ms	2001	188.599400ms	0.0	188.599400ms	2001	188.599400ms	0.0	
1155	564781	590	4253386	3201	75	210161.0	45	300870.0	25	301814.0	34	370088.0	46	333463.0	1.7976931348623157E308	0.0	352.315300ms	1100	352.315300ms	0.0	352.315300ms	1100	352.315300ms	0.0	399.61ms	100	399.61ms	0.0	196.460100ms	2001	196.460100ms	0.0	196.460100ms	2001	196.460100ms	0.0	
1156	565361	580	4256585	3199	75	210161.0	45	300870.0	25	301814.0	34	370088.0	46	333463.0	1.7976931348623157E308	0.0	346.660600ms	1100	346.660600ms	0.0	346.660600ms	1100	346.660600ms	0.0	367.000200ms	100	367.000200ms	0.0	194.760800ms	2001	194.760800ms	0.0	194.760800ms	2001	194.760800ms	0.0	
1157	565785	423	4258119	1534	75	210104.0	45	300870.0	25	301814.0	34	370088.0	46	333463.0	1.7976931348623157E308	0.0	344.630400ms	1100	344.630400ms	0.0	344.630400ms	1100	344.630400ms	0.0	384.549800ms	100	384.549800ms	0.0	38.003200ms	335	38.003200ms	8.096138376355704E-7	38.003200ms	335	38.003200ms	8.096138376355704E-7	
1158	566379	594	4261320	3201	75	210104.0	45	300870.0	25	301814.0	34	370088.0	46	333463.0	1.7976931348623157E308	0.0	363.710500ms	1100	363.710500ms	0.0	363.710500ms	1100	363.710500ms	0.0	439.619ms	100	439.619ms	0.0	182.375500ms	2001	182.375500ms	0.0	182.375500ms	2001	182.375500ms	0.0	
1159	567021	641	4264493	3173	75	210050.0	45	300870.0	25	301814.0	34	370088.0	46	333463.0	1.7976931348623157E308	0.0	374.901200ms	1100	374.901200ms	2.2067308753234452E-7	374.901200ms	1100	374.901200ms	2.2067308753234452E-7	371.278900ms	100	371.278900ms	0.0	226.814700ms	1973	226.814700ms	7.237021265979123E-9	226.814700ms	1973	226.814700ms	7.237021265979123E-9	
1160	567448	426	4265693	1200	75	210050.0	45	300870.0	25	301814.0	34	370088.0	24	333096.0	1.7976931348623157E308	0.0	385.588900ms	1100	385.588900ms	0.0	385.588900ms	1100	385.588900ms	0.0	405.259700ms	100	405.259700ms	7.381838482617553E-4	0s	0	0s	0.0	0s	0	0s	0.0	
1161	568012	564	4268894	3201	75	210050.0	45	300870.0	25	301814.0	34	370088.0	24	333096.0	1.7976931348623157E308	0.0	344.626ms	1100	344.626ms	0.0	344.626ms	1100	344.626ms	0.0	376.586ms	100	376.586ms	0.0	178.907600ms	2001	178.907600ms	0.0	178.907600ms	2001	178.907600ms	0.0	
1162	568518	505	4271303	2409	75	209895.0	45	300870.0	25	301814.0	34	370088.0	24	333096.0	1.7976931348623157E308	0.0	353.984700ms	1100	353.984700ms	0.0	353.984700ms	1100	353.984700ms	0.0	383.426500ms	100	383.426500ms	9.892625258351329E-5	111.128200ms	1209	111.128200ms	6.103552878130532E-7	111.128200ms	1209	111.128200ms	6.103552878130532E-7	
1163	568928	410	4272520	1217	75	209832.0	45	300870.0	25	301814.0	34	370088.0	24	333096.0	1.7976931348623157E308	0.0	348.510900ms	1100	348.510900ms	0.0	348.510900ms	1100	348.510900ms	0.0	412.114900ms	100	412.114900ms	0.0	17.931ms	17	17.931ms	1.7655886766910308E-5	17.931ms	17	17.931ms	1.7655886766910308E-5	
1164	569346	417	4273978	1458	75	209812.0	45	300870.0	25	301814.0	34	370088.0	24	333096.0	1.7976931348623157E308	0.0	343.934900ms	1100	343.934900ms	0.0	343.934900ms	1100	343.934900ms	0.0	386.708700ms	100	386.708700ms	0.0	32.534600ms	258	32.534600ms	3.694354523856692E-7	32.534600ms	258	32.534600ms	3.694354523856692E-7	
1165	569830	484	4275475	1497	75	209797.0	45	300870.0	25	301814.0	34	370088.0	24	333096.0	1.7976931348623157E308	0.0	407.572ms	1100	407.572ms	0.0	407.572ms	1100	407.572ms	0.0	378.454100ms	100	378.454100ms	0.0	36.027100ms	297	36.027100ms	2.4071573839936095E-7	36.027100ms	297	36.027100ms	2.4071573839936095E-7	
1166	570299	469	4276854	1379	75	209756.0	45	300870.0	25	301814.0	34	370088.0	24	333096.0	1.7976931348623157E308	0.0	404.454900ms	1100	404.454900ms	0.0	404.454900ms	1100	404.454900ms	0.0	369.396500ms	100	369.396500ms	0.0	24.982200ms	179	24.982200ms	1.09177099448358E-6	24.982200ms	179	24.982200ms	1.09177099448358E-6	
1167	570744	444	4278296	1442	75	209674.0	45	300870.0	25	301814.0	34	370088.0	24	333096.0	1.7976931348623157E308	0.0	366.645900ms	1100	366.645900ms	0.0	366.645900ms	1100	366.645900ms	0.0	412.696300ms	100	412.696300ms	0.0	30.930200ms	244	30.930200ms	1.602173829451654E-6	30.930200ms	244	30.930200ms	1.602173829451654E-6	
1168	571193	448	4279910	1614	75	209662.0	45	300870.0	25	301814.0	34	370088.0	24	333096.0	1.7976931348623157E308	0.0	363.853100ms	1100	363.853100ms	0.0	363.853100ms	1100	363.853100ms	0.0	376.044ms	100	376.044ms	0.0	45.602400ms	414	45.602400ms	1.382408274101175E-7	45.602400ms	414	45.602400ms	1.382408274101175E-7	
1169	571589	396	4281127	1217	75	209643.0	45	300870.0	25	301814.0	34	370088.0	24	333096.0	1.7976931348623157E308	0.0	345.043ms	1100	345.043ms	0.0	345.043ms	1100	345.043ms	0.0	368.824100ms	100	368.824100ms	0.0	11.839500ms	17	11.839500ms	5.330708754205121E-6	11.839500ms	17	11.839500ms	5.330708754205121E-6	
1170	572011	421	4282547	1420	75	209592.0	45	300870.0	25	301814.0	34	370088.0	24	333096.0	1.7976931348623157E308	0.0	351.987500ms	1100	351.987500ms	0.0	351.987500ms	1100	351.987500ms	0.0	382.478800ms	100	382.478800ms	0.0	28.660100ms	220	28.660100ms	1.1057759229650032E-6	28.660100ms	220	28.660100ms	1.1057759229650032E-6	
1171	572464	453	4283964	1417	75	209579.0	45	300870.0	25	301814.0	34	370088.0	24	333096.0	1.7976931348623157E308	0.0	382.631800ms	1100	382.631800ms	0.0	382.631800ms	1100	382.631800ms	0.0	399.214200ms	100	399.214200ms	0.0	28.719600ms	217	28.719600ms	2.8583072875590454E-7	28.719600ms	217	28.719600ms	2.8583072875590454E-7	
1172	572957	493	4286074	2110	75	209577.0	45	300870.0	25	301814.0	34	370088.0	24	333096.0	1.7976931348623157E308	0.0	366.309600ms	1100	366.309600ms	0.0	366.309600ms	1100	366.309600ms	0.0	362.318600ms	100	362.318600ms	0.0	87.410300ms	910	87.410300ms	1.0486748184719945E-8	87.410300ms	910	87.410300ms	1.0486748184719945E-8	
1173	573446	488	4288118	2044	75	209383.0	45	300870.0	25	301814.0	34	370088.0	24	333096.0	1.7976931348623157E308	0.0	361.988400ms	1100	361.988400ms	7.981825729849482E-7	361.988400ms	1100	361.988400ms	7.981825729849482E-7	430.773600ms	100	430.773600ms	0.0	82.325ms	844	82.325ms	5.6534549269372354E-8	82.325ms	844	82.325ms	5.6534549269372354E-8	
1174	573854	407	4289318	1200	75	209383.0	45	300870.0	25	301814.0	34	370088.0	24	333096.0	1.7976931348623157E308	0.0	366.804700ms	1100	366.804700ms	0.0	366.804700ms	1100	366.804700ms	0.0	392.621900ms	100	392.621900ms	0.0	0s	0	0s	0.0	0s	0	0s	0.0	
1175	574337	483	4291473	2155	75	209232.0	45	300870.0	25	301814.0	34	370088.0	24	333096.0	1.7976931348623157E308	0.0	354.430500ms	1100	354.430500ms	0.0	354.430500ms	1100	354.430500ms	0.0	365.089200ms	100	365.089200ms	0.0	90.022500ms	955	90.022500ms	7.551481411866216E-7	90.022500ms	955	90.022500ms	7.551481411866216E-7	
1176	574842	504	4293873	2400	75	209196.0	45	300870.0	25	301814.0	34	370088.0	24	333096.0	1.7976931348623157E308	0.0	353.822500ms	1100	353.822500ms	0.0	353.822500ms	1100	353.822500ms	0.0	365.672700ms	100	365.672700ms	0.0	112.367600ms	1200	112.367600ms	1.4338150952049785E-7	112.367600ms	1200	112.367600ms	1.4338150952049785E-7	
1177	575333	490	4295514	1641	75	209039.0	45	300870.0	25	301814.0	34	370088.0	24	333096.0	1.7976931348623157E308	0.0	385.860900ms	1100	385.860900ms	0.0	385.860900ms	1100	385.860900ms	0.0	377.973200ms	100	377.973200ms	0.0	58.689400ms	441	58.689400ms	1.7017967374843367E-6	58.689400ms	441	58.689400ms	1.7017967374843367E-6	
1178	575796	462	4297391	1877	75	208993.0	45	300870.0	25	301814.0	34	370088.0	24	333096.0	1.7976931348623157E308	0.0	342.707400ms	1100	342.707400ms	0.0	342.707400ms	1100	342.707400ms	0.0	391.118500ms	100	391.118500ms	0.0	79.241700ms	677	79.241700ms	3.250437680265595E-7	79.241700ms	677	79.241700ms	3.250437680265595E-7	
1179	576309	513	4299633	2242	75	208960.0	45	300870.0	25	301814.0	34	370088.0	24	333096.0	1.7976931348623157E308	0.0	374.887200ms	1100	374.887200ms	0.0	374.887200ms	1100	374.887200ms	0.0	380.641200ms	100	380.641200ms	0.0	97.892100ms	1042	97.892100ms	1.5153553297470962E-7	97.892100ms	1042	97.892100ms	1.5153553297470962E-7	
1180	576880	571	4302719	3086	75	208949.0	45	300870.0	25	301814.0	34	370088.0	24	333096.0	1.7976931348623157E308	0.0	344.552ms	1100	344.552ms	0.0	344.552ms	1100	344.552ms	0.0	386.818900ms	100	386.818900ms	0.0	186.093300ms	1886	186.093300ms	2.791179952548311E-8	186.093300ms	1886	186.093300ms	2.791179952548311E-8	
1181	577334	453	4304068	1349	75	208739.0	45	300870.0	25	301814.0	34	370088.0	31	332975.0	1.7976931348623157E308	0.0	377.737ms	1100	377.737ms	0.0	377.737ms	1100	377.737ms	0.0	468.169100ms	100	468.169100ms	2.4904497770629084E-4	24.626900ms	149	24.626900ms	6.745167352580734E-6	24.626900ms	149	24.626900ms	6.745167352580734E-6	
1182	577760	426	4305376	1308	75	208338.0	45	300870.0	25	301814.0	34	370088.0	31	332975.0	1.7976931348623157E308	0.0	365.083400ms	1100	365.083400ms	0.0	365.083400ms	1100	365.083400ms	0.0	396.362400ms	100	396.362400ms	0.0	19.507600ms	108	19.507600ms	1.7787586234306546E-5	19.507600ms	108	19.507600ms	1.7787586234306546E-5	
1183	578233	473	4307243	1867	75	208128.0	45	300870.0	25	301814.0	34	370088.0	31	332975.0	1.7976931348623157E308	0.0	358.075500ms	1100	358.075500ms	0.0	358.075500ms	1100	358.075500ms	0.0	363.906400ms	100	363.906400ms	0.0	76.572300ms	667	76.572300ms	1.5112105266952943E-6	76.572300ms	667	76.572300ms	1.5112105266952943E-6	
1184	578714	481	4309322	2079	75	208115.0	45	300870.0	25	301814.0	34	370088.0	31	332975.0	1.7976931348623157E308	0.0	358.745500ms	1100	358.745500ms	0.0	358.745500ms	1100	358.745500ms	0.0	364.512900ms	100	364.512900ms	0.0	83.470100ms	879	83.470100ms	7.105979762872067E-8	83.470100ms	879	83.470100ms	7.105979762872067E-8	
1185	579216	502	4311706	2384	75	208057.0	45	300870.0	25	301814.0	34	370088.0	53	332838.0	1.7976931348623157E308	0.0	353.077700ms	1100	353.077700ms	0.0	353.077700ms	1100	353.077700ms	0.0	375.990600ms	100	375.990600ms	3.5532343243952933E-4	109.007300ms	1184	109.007300ms	2.353818152775804E-7	109.007300ms	1184	109.007300ms	2.353818152775804E-7	
1186	579646	429	4313046	1340	75	207635.0	45	300870.0	25	301814.0	34	370088.0	53	332838.0	1.7976931348623157E308	0.0	364.423200ms	1100	364.423200ms	1.826457681456193E-6	364.423200ms	1100	364.423200ms	1.826457681456193E-6	403.124400ms	100	403.124400ms	0.0	22.896300ms	140	22.896300ms	1.373250050292921E-7	22.896300ms	140	22.896300ms	1.373250050292921E-7	
1187	580062	416	4314246	1200	75	207635.0	45	300870.0	70	300951.0	34	370088.0	53	332838.0	1.7976931348623157E308	0.0	377.222200ms	1100	377.222200ms	0.0	377.222200ms	1100	377.222200ms	0.0	358.970800ms	100	358.970800ms	9.686588681800479E-4	0s	0	0s	0.0	0s	0	0s	0.0	
1188	580632	569	4317447	3201	75	207635.0	45	300870.0	70	300951.0	34	370088.0	53	332838.0	1.7976931348623157E308	0.0	342.681400ms	1100	342.681400ms	0.0	342.681400ms	1100	342.681400ms	0.0	391.356200ms	100	391.356200ms	0.0	186.289600ms	2001	186.289600ms	0.0	186.289600ms	2001	186.289600ms	0.0	
1189	581205	572	4320648	3201	75	207635.0	45	300870.0	70	300951.0	34	370088.0	53	332838.0	1.7976931348623157E308	0.0	354.011500ms	1100	354.011500ms	0.0	354.011500ms	1100	354.011500ms	0.0	382.861ms	100	382.861ms	0.0	178.519300ms	2001	178.519300ms	0.0	178.519300ms	2001	178.519300ms	0.0	
1190	581658	453	4322564	1916	75	207623.0	45	300870.0	70	300951.0	34	370088.0	53	332838.0	1.7976931348623157E308	0.0	341.903500ms	1100	341.903500ms	0.0	341.903500ms	1100	341.903500ms	0.0	366.862800ms	100	366.862800ms	0.0	70.930900ms	716	70.930900ms	8.071749240881872E-8	70.930900ms	716	70.930900ms	8.071749240881872E-8	
1191	582096	437	4324142	1578	75	207621.0	45	300870.0	70	300951.0	34	370088.0	53	332838.0	1.7976931348623157E308	0.0	343.690100ms	1100	343.690100ms	0.0	343.690100ms	1100	343.690100ms	0.0	368.690800ms	100	368.690800ms	0.0	53.095200ms	378	53.095200ms	2.5483714670228508E-8	53.095200ms	378	53.095200ms	2.5483714670228508E-8	
1192	582506	410	4325377	1235	75	207592.0	45	300870.0	70	300951.0	34	370088.0	53	332838.0	1.7976931348623157E308	0.0	356.030600ms	1100	356.030600ms	0.0	356.030600ms	1100	356.030600ms	0.0	389.882500ms	100	389.882500ms	0.0	13.133500ms	35	13.133500ms	3.990788160021123E-6	13.133500ms	35	13.133500ms	3.990788160021123E-6	
1193	583090	584	4328578	3201	75	207592.0	45	300870.0	70	300951.0	34	370088.0	53	332838.0	1.7976931348623157E308	0.0	357.471700ms	1100	357.471700ms	0.0	357.471700ms	1100	357.471700ms	0.0	360.921100ms	100	360.921100ms	0.0	188.237300ms	2001	188.237300ms	0.0	188.237300ms	2001	188.237300ms	0.0	
1194	583729	638	4331779	3201	75	207592.0	45	300870.0	70	300951.0	34	370088.0	58	332813.0	1.7976931348623157E308	0.0	410.568500ms	1100	410.568500ms	0.0	410.568500ms	1100	410.568500ms	0.0	384.687700ms	100	384.687700ms	6.928504811628277E-4	186.037900ms	2001	186.037900ms	0.0	186.037900ms	2001	186.037900ms	0.0	
1195	584243	514	4334162	2383	75	207543.0	45	300870.0	70	300951.0	34	370088.0	58	332813.0	1.7976931348623157E308	0.0	351.728300ms	1100	351.728300ms	0.0	351.728300ms	1100	351.728300ms	0.0	388.172500ms	100	388.172500ms	0.0	119.322600ms	1183	119.322600ms	1.9952656337040633E-7	119.322600ms	1183	119.322600ms	1.9952656337040633E-7	
1196	584707	464	4336059	1897	75	207537.0	45	300870.0	70	300951.0	34	370088.0	57	332741.0	1.7976931348623157E308	0.0	344.097700ms	1100	344.097700ms	0.0	344.097700ms	1100	344.097700ms	0.0	372.437900ms	100	372.437900ms	2.2556076580747318E-4	79.913ms	697	79.913ms	4.1477290861746003E-8	79.913ms	697	79.913ms	4.1477290861746003E-8	
1197	585120	412	4337284	1225	75	207500.0	45	300870.0	70	300951.0	34	370088.0	57	332741.0	1.7976931348623157E308	0.0	358.505100ms	1100	358.505100ms	0.0	358.505100ms	1100	358.505100ms	0.0	390.619300ms	100	390.619300ms	0.0	12.289800ms	25	12.289800ms	7.1312585225769E-6	12.289800ms	25	12.289800ms	7.1312585225769E-6	
1198	585540	420	4338678	1394	75	207465.0	45	300870.0	70	300951.0	34	370088.0	57	332741.0	1.7976931348623157E308	0.0	354.125100ms	1100	354.125100ms	0.0	354.125100ms	1100	354.125100ms	0.0	366.692800ms	100	366.692800ms	0.0	26.119400ms	194	26.119400ms	8.694572102846581E-7	26.119400ms	194	26.119400ms	8.694572102846581E-7	
1199	586116	576	4341879	3201	75	207465.0	45	300870.0	70	300951.0	34	370088.0	57	332741.0	1.7976931348623157E308	0.0	346.076900ms	1100	346.076900ms	0.0	346.076900ms	1100	346.076900ms	0.0	347.011800ms	100	347.011800ms	0.0	192.683100ms	2001	192.683100ms	0.0	192.683100ms	2001	192.683100ms	0.0	
1200	586704	587	4345080	3201	75	207465.0	45	300870.0	70	300951.0	34	370088.0	57	332741.0	1.7976931348623157E308	0.0	346.578800ms	1100	346.578800ms	0.0	346.578800ms	1100	346.578800ms	0.0	385.749500ms	100	385.749500ms	0.0	200.530500ms	2001	200.530500ms	0.0	200.530500ms	2001	200.530500ms	0.0	
1201	587275	570	4348281	3201	75	207465.0	45	300870.0	70	300951.0	34	370088.0	6	332144.0	1.7976931348623157E308	0.0	353.100900ms	1100	353.100900ms	0.0	353.100900ms	1100	353.100900ms	0.0	408.956500ms	100	408.956500ms	7.612806832820595E-4	175.764600ms	2001	175.764600ms	0.0	175.764600ms	2001	175.764600ms	0.0	
1202	587742	467	4350181	1900	75	207440.0	45	300870.0	70	300951.0	34	370088.0	6	332144.0	1.7976931348623157E308	0.0	347.923400ms	1100	347.923400ms	8.764011463324728E-8	347.923400ms	1100	347.923400ms	8.764011463324728E-8	352.807600ms	100	352.807600ms	0.0	80.777400ms	700	80.777400ms	3.442921525495127E-8	80.777400ms	700	80.777400ms	3.442921525495127E-8	
1203	588140	397	4351381	1200	75	207440.0	45	300870.0	70	300951.0	34	370088.0	6	332144.0	1.7976931348623157E308	0.0	356.873900ms	1100	356.873900ms	0.0	356.873900ms	1100	356.873900ms	0.0	376.654ms	100	376.654ms	0.0	0s	0	0s	0.0	0s	0	0s	0.0	
1204	588637	497	4353019	1638	75	207390.0	45	300870.0	70	300951.0	34	370088.0	6	332144.0	1.7976931348623157E308	0.0	408.667900ms	1100	408.667900ms	0.0	408.667900ms	1100	408.667900ms	0.0	388.765400ms	100	388.765400ms	0.0	47.755200ms	438	47.755200ms	5.503049129462097E-7	47.755200ms	438	47.755200ms	5.503049129462097E-7	
1205	589056	419	4354237	1218	75	207371.0	45	300870.0	70	300951.0	34	370088.0	6	332144.0	1.7976931348623157E308	0.0	365.887100ms	1100	365.887100ms	0.0	365.887100ms	1100	365.887100ms	0.0	379.306100ms	100	379.306100ms	0.0	12.182100ms	19	12.182100ms	4.821833261003938E-6	12.182100ms	19	12.182100ms	4.821833261003938E-6	
1206	589479	423	4355526	1289	75	207342.0	45	300870.0	70	300951.0	34	370088.0	6	332144.0	1.7976931348623157E308	0.0	361.539100ms	1100	361.539100ms	0.0	361.539100ms	1100	361.539100ms	0.0	392.020200ms	100	392.020200ms	0.0	20.430300ms	89	20.430300ms	1.5713031071328627E-6	20.430300ms	89	20.430300ms	1.5713031071328627E-6	
1207	589917	438	4357167	1641	75	207215.0	45	300870.0	70	300951.0	34	370088.0	6	332144.0	1.7976931348623157E308	0.0	349.535900ms	1100	349.535900ms	0.0	349.535900ms	1100	349.535900ms	0.0	385.210500ms	100	385.210500ms	0.0	48.260300ms	441	48.260300ms	1.388921971479258E-6	48.260300ms	441	48.260300ms	1.388921971479258E-6	
1208	590342	424	4358421	1254	75	207190.0	45	300870.0	70	300951.0	34	370088.0	6	332144.0	1.7976931348623157E308	0.0	366.108500ms	1100	366.108500ms	0.0	366.108500ms	1100	366.108500ms	0.0	421.451600ms	100	421.451600ms	0.0	14.697800ms	54	14.697800ms	2.2342154909770493E-6	14.697800ms	54	14.697800ms	2.2342154909770493E-6	
1209	590770	427	4359631	1210	75	207104.0	45	300870.0	70	300951.0	34	370088.0	6	332144.0	1.7976931348623157E308	0.0	375.194500ms	1100	375.194500ms	0.0	375.194500ms	1100	375.194500ms	0.0	398.146500ms	100	398.146500ms	0.0	10.458800ms	10	10.458800ms	4.1507794777739804E-5	10.458800ms	10	10.458800ms	4.1507794777739804E-5	
1210	591197	427	4360964	1333	75	207091.0	45	300870.0	70	300951.0	34	370088.0	6	332144.0	1.7976931348623157E308	0.0	358.158500ms	1100	358.158500ms	0.0	358.158500ms	1100	358.158500ms	0.0	441.222200ms	100	441.222200ms	0.0	21.385ms	133	21.385ms	4.719578612783981E-7	21.385ms	133	21.385ms	4.719578612783981E-7	
1211	591606	409	4362210	1246	75	207086.0	45	300870.0	70	300951.0	34	370088.0	6	332144.0	1.7976931348623157E308	0.0	354.495800ms	1100	354.495800ms	0.0	354.495800ms	1100	354.495800ms	0.0	377.894300ms	100	377.894300ms	0.0	14.154400ms	46	14.154400ms	5.248690294322878E-7	14.154400ms	46	14.154400ms	5.248690294322878E-7	
1212	592002	395	4363417	1207	75	207068.0	45	300870.0	70	300951.0	34	370088.0	6	332144.0	1.7976931348623157E308	0.0	343.784700ms	1100	343.784700ms	0.0	343.784700ms	1100	343.784700ms	0.0	385.562400ms	100	385.562400ms	0.0	10.621400ms	7	10.621400ms	1.2417201411144393E-5	10.621400ms	7	10.621400ms	1.2417201411144393E-5	
1213	592425	423	4364813	1396	75	207027.0	45	300870.0	70	300951.0	34	370088.0	6	332144.0	1.7976931348623157E308	0.0	355.226400ms	1100	355.226400ms	0.0	355.226400ms	1100	355.226400ms	0.0	386.81ms	100	386.81ms	0.0	28.076100ms	196	28.076100ms	1.0102172883757691E-6	28.076100ms	196	28.076100ms	1.0102172883757691E-6	
1214	592936	511	4367129	2316	75	207024.0	45	300870.0	70	300951.0	34	370088.0	6	332144.0	1.7976931348623157E308	0.0	365.137700ms	1100	365.137700ms	0.0	365.137700ms	1100	365.137700ms	0.0	352.570400ms	100	352.570400ms	0.0	105.168400ms	1116	105.168400ms	1.2984644722737E-8	105.168400ms	1116	105.168400ms	1.2984644722737E-8	
1215	593392	455	4368954	1825	75	206969.0	45	300870.0	70	300951.0	34	370088.0	0	332043.0	1.7976931348623157E308	0.0	353.634400ms	1100	353.634400ms	0.0	353.634400ms	1100	353.634400ms	0.0	368.446300ms	100	368.446300ms	6.701073011429903E-4	62.280200ms	625	62.280200ms	4.250714892959806E-7	62.280200ms	625	62.280200ms	4.250714892959806E-7	
1216	593886	494	4371044	2090	75	206928.0	45	300870.0	70	300951.0	34	370088.0	0	332043.0	1.7976931348623157E308	0.0	367.811100ms	1100	367.811100ms	0.0	367.811100ms	1100	367.811100ms	0.0	373.836800ms	100	373.836800ms	0.0	87.600900ms	890	87.600900ms	2.2258123550071265E-7	87.600900ms	890	87.600900ms	2.2258123550071265E-7	
1217	594348	461	4372791	1747	75	206867.0	45	300870.0	70	300951.0	34	370088.0	0	332043.0	1.7976931348623157E308	0.0	365.492900ms	1100	365.492900ms	0.0	365.492900ms	1100	365.492900ms	0.0	378.206300ms	100	378.206300ms	0.0	55.917700ms	547	55.917700ms	5.389186937431172E-7	55.917700ms	547	55.917700ms	5.389186937431172E-7	
1218	594767	419	4374181	1390	75	206734.0	45	300870.0	70	300951.0	34	370088.0	0	332043.0	1.7976931348623157E308	0.0	353.653400ms	1100	353.653400ms	0.0	353.653400ms	1100	353.653400ms	0.0	368.903700ms	100	368.903700ms	0.0	26.268500ms	190	26.268500ms	3.38381665514534E-6	26.268500ms	190	26.268500ms	3.38381665514534E-6	
1219	595342	574	4376425	2244	75	206708.0	45	300870.0	70	300951.0	34	370088.0	0	332043.0	1.7976931348623157E308	0.0	436.725700ms	1100	436.725700ms	0.0	436.725700ms	1100	436.725700ms	0.0	369.957ms	100	369.957ms	0.0	98.300100ms	1044	98.300100ms	1.2046501571772107E-7	98.300100ms	1044	98.300100ms	1.2046501571772107E-7	
1220	595922	580	4379626	3201	75	206708.0	45	300870.0	70	300951.0	34	370088.0	0	332043.0	1.7976931348623157E308	0.0	341.815800ms	1100	341.815800ms	0.0	341.815800ms	1100	341.815800ms	0.0	371.097100ms	100	371.097100ms	0.0	199.102900ms	2001	199.102900ms	0.0	199.102900ms	2001	199.102900ms	0.0	
1221	596486	563	4382827	3201	75	206708.0	45	300870.0	70	300951.0	34	370088.0	86	332004.0	1.7976931348623157E308	0.0	346.578500ms	1100	346.578500ms	0.0	346.578500ms	1100	346.578500ms	0.0	370.281700ms	100	370.281700ms	4.406463289908791E-4	177.066200ms	2001	177.066200ms	0.0	177.066200ms	2001	177.066200ms	0.0	
1222	597056	570	4386028	3201	75	206708.0	45	300870.0	70	300951.0	34	370088.0	76	331980.0	1.7976931348623157E308	0.0	340.591100ms	1100	340.591100ms	0.0	340.591100ms	1100	340.591100ms	0.0	382.028800ms	100	382.028800ms	7.222796684243305E-4	188.954ms	2001	188.954ms	0.0	188.954ms	2001	188.954ms	0.0	
1223	597636	579	4389228	3200	75	206708.0	45	300870.0	70	300951.0	34	370088.0	76	331980.0	1.7976931348623157E308	0.0	352.541200ms	1100	352.541200ms	0.0	352.541200ms	1100	352.541200ms	0.0	393.908200ms	100	393.908200ms	0.0	186.271700ms	2001	186.271700ms	0.0	186.271700ms	2001	186.271700ms	0.0	
1224	598177	540	4391906	2678	75	206597.0	45	300870.0	70	300951.0	34	370088.0	76	331980.0	1.7976931348623157E308	0.0	366.106800ms	1100	366.106800ms	0.0	366.106800ms	1100	366.106800ms	0.0	364.576600ms	100	364.576600ms	0.0	135.591200ms	1478	135.591200ms	3.6332163485676424E-7	135.591200ms	1478	135.591200ms	3.6332163485676424E-7	
1225	598641	463	4393881	1975	75	206526.0	45	300870.0	70	300951.0	34	370088.0	76	331980.0	1.7976931348623157E308	0.0	348.872100ms	1100	348.872100ms	0.0	348.872100ms	1100	348.872100ms	0.0	382.068200ms	100	382.068200ms	0.0	74.321500ms	775	74.321500ms	4.434377228410629E-7	74.321500ms	775	74.321500ms	4.434377228410629E-7	
1226	599062	420	4395350	1469	75	206524.0	45	300870.0	70	300951.0	34	370088.0	76	331980.0	1.7976931348623157E308	0.0	345.530600ms	1100	345.530600ms	0.0	345.530600ms	1100	345.530600ms	0.0	374.151300ms	100	374.151300ms	0.0	34.319600ms	269	34.319600ms	3.6000039887997175E-8	34.319600ms	269	34.319600ms	3.6000039887997175E-8	
1227	599667	605	4398551	3201	75	206524.0	45	300870.0	70	300951.0	34	370088.0	96	331928.0	1.7976931348623157E308	0.0	373.504800ms	1100	373.504800ms	0.0	373.504800ms	1100	373.504800ms	0.0	436.102200ms	100	436.102200ms	7.944302763873279E-4	186.966500ms	2001	186.966500ms	0.0	186.966500ms	2001	186.966500ms	0.0	
1228	600146	479	4400509	1958	75	206523.0	45	300870.0	70	300951.0	34	370088.0	96	331928.0	1.7976931348623157E308	0.0	366.004900ms	1100	366.004900ms	0.0	366.004900ms	1100	366.004900ms	0.0	371.994200ms	100	371.994200ms	2.8843534191729247E-5	73.465400ms	758	73.465400ms	6.387931735465199E-9	73.465400ms	758	73.465400ms	6.387931735465199E-9	
1229	600570	423	4401823	1314	75	206521.0	45	300870.0	70	300951.0	34	370088.0	96	331928.0	1.7976931348623157E308	0.0	364.705500ms	1100	364.705500ms	0.0	364.705500ms	1100	364.705500ms	0.0	375.043900ms	100	375.043900ms	0.0	19.534300ms	114	19.534300ms	8.49486965088758E-8	19.534300ms	114	19.534300ms	8.49486965088758E-8	
1230	600996	425	4403345	1522	75	206457.0	45	300870.0	70	300951.0	34	370088.0	97	331774.0	1.7976931348623157E308	0.0	351.696200ms	1100	351.696200ms	0.0	351.696200ms	1100	351.696200ms	0.0	331.808900ms	100	331.808900ms	5.40199042971462E-4	36.696500ms	322	36.696500ms	9.624094594502696E-7	36.696500ms	322	36.696500ms	9.624094594502696E-7	
1231	601413	417	4404622	1277	75	206368.0	45	300870.0	70	300951.0	34	370088.0	97	331774.0	1.7976931348623157E308	0.0	361.306900ms	1100	361.306900ms	0.0	361.306900ms	1100	361.306900ms	0.0	377.409200ms	100	377.409200ms	0.0	16.411200ms	77	16.411200ms	5.59847404468794E-6	16.411200ms	77	16.411200ms	5.59847404468794E-6	
1232	601853	440	4406251	1629	75	205940.0	45	300870.0	70	300951.0	34	370088.0	97	331774.0	1.7976931348623157E308	0.0	353.575400ms	1100	353.575400ms	0.0	353.575400ms	1100	353.575400ms	0.0	389.043300ms	100	389.043300ms	0.0	46.053400ms	429	46.053400ms	4.834417146403588E-6	46.053400ms	429	46.053400ms	4.834417146403588E-6	
1233	602360	506	4408143	1892	75	205617.0	45	300870.0	70	300951.0	34	370088.0	97	331774.0	1.7976931348623157E308	0.0	396.116300ms	1100	396.116300ms	0.0	396.116300ms	1100	396.116300ms	0.0	400.702100ms	100	400.702100ms	2.6465761057177238E-5	68.007500ms	692	68.007500ms	2.2664999795102313E-6	68.007500ms	692	68.007500ms	2.2664999795102313E-6	
1234	602781	420	4409399	1256	75	205567.0	45	300870.0	70	300951.0	34	367268.0	97	331774.0	1.7976931348623157E308	0.0	354.909300ms	1100	354.909300ms	0.0	354.909300ms	1100	354.909300ms	0.0	377.939400ms	100	377.939400ms	7.619809342642836E-5	25.767500ms	56	25.767500ms	4.342331338639498E-6	25.767500ms	56	25.767500ms	4.342331338639498E-6	
1235	603337	556	4412520	3121	75	205555.0	45	300870.0	70	300951.0	34	367268.0	97	331774.0	1.7976931348623157E308	0.0	346.292600ms	1100	346.292600ms	0.0	346.292600ms	1100	346.292600ms	0.0	360.581ms	100	360.581ms	0.0	170.583100ms	1921	170.583100ms	3.038788563438047E-8	170.583100ms	1921	170.583100ms	3.038788563438047E-8	
1236	603781	444	4413953	1433	75	205536.0	45	300870.0	70	300951.0	34	367268.0	97	331774.0	1.7976931348623157E308	0.0	374.887800ms	1100	374.887800ms	0.0	374.887800ms	1100	374.887800ms	0.0	384.154600ms	100	384.154600ms	0.0	29.021300ms	233	29.021300ms	3.967067907744806E-7	29.021300ms	233	29.021300ms	3.967067907744806E-7	
1237	604310	528	4415648	1695	75	205456.0	45	300870.0	70	300951.0	34	367268.0	97	331774.0	1.7976931348623157E308	0.0	418.323400ms	1100	418.323400ms	0.0	418.323400ms	1100	418.323400ms	0.0	349.054600ms	100	349.054600ms	0.0	71.76ms	495	71.76ms	7.863155924809749E-7	71.76ms	495	71.76ms	7.863155924809749E-7	
1238	604752	442	4416880	1232	75	205452.0	45	300870.0	70	300951.0	34	367268.0	97	331774.0	1.7976931348623157E308	0.0	384.349500ms	1100	384.349500ms	0.0	384.349500ms	1100	384.349500ms	0.0	426.437200ms	100	426.437200ms	0.0	12.661200ms	32	12.661200ms	6.084027723701757E-7	12.661200ms	32	12.661200ms	6.084027723701757E-7	
1239	605177	424	4418302	1422	75	204995.0	45	300870.0	70	300951.0	34	367268.0	97	331774.0	1.7976931348623157E308	0.0	352.042100ms	1100	352.042100ms	0.0	352.042100ms	1100	352.042100ms	0.0	400.013200ms	100	400.013200ms	0.0	29.475600ms	222	29.475600ms	1.0019656944486047E-5	29.475600ms	222	29.475600ms	1.0019656944486047E-5	
1240	605604	427	4419749	1447	75	204969.0	45	300870.0	70	300951.0	34	367268.0	97	331774.0	1.7976931348623157E308	0.0	355.559400ms	1100	355.559400ms	0.0	355.559400ms	1100	355.559400ms	0.0	382.389900ms	100	382.389900ms	0.0	31.314ms	247	31.314ms	5.134913431778015E-7	31.314ms	247	31.314ms	5.134913431778015E-7	
1241	606191	587	4422779	3030	75	204945.0	45	300870.0	70	300951.0	34	367268.0	97	331774.0	1.7976931348623157E308	0.0	344.659500ms	1100	344.659500ms	0.0	344.659500ms	1100	344.659500ms	0.0	380.126500ms	100	380.126500ms	0.0	201.440100ms	1830	201.440100ms	6.398408587817245E-8	201.440100ms	1830	201.440100ms	6.398408587817245E-8	
1242	606674	482	4424114	1335	75	204784.0	45	300870.0	70	300951.0	34	367268.0	97	331774.0	1.7976931348623157E308	0.0	421.787600ms	1100	421.787600ms	0.0	421.787600ms	1100	421.787600ms	0.0	366.166500ms	100	366.166500ms	0.0	21.387500ms	135	21.387500ms	5.819086060126426E-6	21.387500ms	135	21.387500ms	5.819086060126426E-6	
1243	607084	409	4425361	1247	75	204768.0	45	300870.0	70	300951.0	34	367268.0	97	331774.0	1.7976931348623157E308	0.0	353.128500ms	1100	353.128500ms	0.0	353.128500ms	1100	353.128500ms	0.0	406.683700ms	100	406.683700ms	0.0	14.165700ms	47	14.165700ms	1.6623639147332467E-6	14.165700ms	47	14.165700ms	1.6623639147332467E-6	
1244	607514	430	4426693	1332	75	204636.0	45	300870.0	70	300951.0	34	367268.0	97	331774.0	1.7976931348623157E308	0.0	365.634500ms	1100	365.634500ms	0.0	365.634500ms	1100	365.634500ms	0.0	415.179500ms	100	415.179500ms	2.0321999549650637E-5	20.915400ms	132	20.915400ms	4.883575558680821E-6	20.915400ms	132	20.915400ms	4.883575558680821E-6	
1245	608119	605	4429894	3201	75	204636.0	45	300870.0	70	300951.0	34	367268.0	97	331774.0	1.7976931348623157E308	0.0	356.319600ms	1100	356.319600ms	0.0	356.319600ms	1100	356.319600ms	0.0	356.153500ms	100	356.153500ms	0.0	209.311700ms	2001	209.311700ms	0.0	209.311700ms	2001	209.311700ms	0.0	
1246	608848	728	4433095	3201	75	204636.0	45	300870.0	70	300951.0	34	367268.0	97	331774.0	1.7976931348623157E308	0.0	435.663400ms	1100	435.663400ms	0.0	435.663400ms	1100	435.663400ms	0.0	426.389700ms	100	426.389700ms	0.0	249.260700ms	2001	249.260700ms	0.0	249.260700ms	2001	249.260700ms	0.0	
1247	609320	471	4434550	1455	75	204632.0	45	300870.0	70	300951.0	34	367268.0	97	331774.0	1.7976931348623157E308	0.0	393.715600ms	1100	393.715600ms	0.0	393.715600ms	1100	393.715600ms	0.0	414.557900ms	100	414.557900ms	0.0	31.883500ms	255	31.883500ms	7.665452075790582E-8	31.883500ms	255	31.883500ms	7.665452075790582E-8	
1248	609724	404	4435857	1307	75	204474.0	45	300870.0	70	300951.0	34	367268.0	97	331774.0	1.7976931348623157E308	0.0	345.424600ms	1100	345.424600ms	0.0	345.424600ms	1100	345.424600ms	0.0	383.167300ms	100	383.167300ms	0.0	18.551600ms	107	18.551600ms	7.2160537648984765E-6	18.551600ms	107	18.551600ms	7.2160537648984765E-6	
1249	610160	435	4437367	1510	75	204373.0	45	300870.0	70	300951.0	34	367268.0	97	331774.0	1.7976931348623157E308	0.0	359.823ms	1100	359.823ms	0.0	359.823ms	1100	359.823ms	0.0	369.965500ms	100	369.965500ms	0.0	36.396100ms	310	36.396100ms	1.5933881648175845E-6	36.396100ms	310	36.396100ms	1.5933881648175845E-6	
1250	610605	444	4438640	1273	75	204365.0	45	300870.0	70	300951.0	34	367268.0	97	331774.0	1.7976931348623157E308	0.0	374.098ms	1100	374.098ms	0.0	374.098ms	1100	374.098ms	0.0	377.220700ms	100	377.220700ms	0.0	26.142300ms	73	26.142300ms	5.362207390214215E-7	26.142300ms	73	26.142300ms	5.362207390214215E-7	
1251	611014	409	4439882	1242	75	204265.0	45	300870.0	70	300951.0	34	367268.0	97	331774.0	1.7976931348623157E308	0.0	352.200700ms	1100	352.200700ms	0.0	352.200700ms	1100	352.200700ms	0.0	402.710100ms	100	402.710100ms	0.0	13.498400ms	42	13.498400ms	1.1650489961355173E-5	13.498400ms	42	13.498400ms	1.1650489961355173E-5	
1252	611418	403	4441165	1283	75	204172.0	45	300870.0	70	300951.0	34	367268.0	97	331774.0	1.7976931348623157E308	0.0	345.928ms	1100	345.928ms	0.0	345.928ms	1100	345.928ms	0.0	382.557700ms	100	382.557700ms	0.0	17.040400ms	83	17.040400ms	5.485432784426622E-6	17.040400ms	83	17.040400ms	5.485432784426622E-6	
1253	611942	524	4443288	2123	75	204113.0	45	300870.0	70	300951.0	34	367268.0	97	331774.0	1.7976931348623157E308	0.0	355.049600ms	1100	355.049600ms	0.0	355.049600ms	1100	355.049600ms	0.0	409.651600ms	100	409.651600ms	0.0	126.207100ms	923	126.207100ms	3.1307913670556493E-7	126.207100ms	923	126.207100ms	3.1307913670556493E-7	
1254	612517	574	4446377	3089	75	204092.0	45	300870.0	70	300951.0	34	367268.0	97	331774.0	1.7976931348623157E308	0.0	343.347800ms	1100	343.347800ms	0.0	343.347800ms	1100	343.347800ms	0.0	375.600800ms	100	375.600800ms	0.0	191.109100ms	1889	191.109100ms	5.446489502406468E-8	191.109100ms	1889	191.109100ms	5.446489502406468E-8	
1255	613090	572	4449083	2706	75	204085.0	45	300870.0	70	300951.0	34	367268.0	97	331774.0	1.7976931348623157E308	0.0	393.754100ms	1100	393.754100ms	0.0	393.754100ms	1100	393.754100ms	0.0	425.515300ms	100	425.515300ms	0.0	134.802300ms	1506	134.802300ms	2.2774407469161567E-8	134.802300ms	1506	134.802300ms	2.2774407469161567E-8	
1256	613544	453	4450582	1499	75	204073.0	45	300870.0	70	300951.0	34	367268.0	97	331774.0	1.7976931348623157E308	0.0	370.848900ms	1100	370.848900ms	0.0	370.848900ms	1100	370.848900ms	0.0	462.985400ms	100	462.985400ms	0.0	35.084700ms	299	35.084700ms	1.9665227363204444E-7	35.084700ms	299	35.084700ms	1.9665227363204444E-7	
1257	614159	615	4453783	3201	75	204073.0	45	300870.0	70	300951.0	34	367268.0	97	331774.0	1.7976931348623157E308	0.0	377.647800ms	1100	377.647800ms	0.0	377.647800ms	1100	377.647800ms	0.0	386.262ms	100	386.262ms	0.0	196.889800ms	2001	196.889800ms	0.0	196.889800ms	2001	196.889800ms	0.0	
1258	614625	465	4455869	2086	75	204058.0	45	300870.0	70	300951.0	34	367268.0	97	331774.0	1.7976931348623157E308	0.0	342.033500ms	1100	342.033500ms	0.0	342.033500ms	1100	342.033500ms	0.0	371.676200ms	100	371.676200ms	0.0	83.707400ms	886	83.707400ms	8.296061984371047E-8	83.707400ms	886	83.707400ms	8.296061984371047E-8	
1259	615131	506	4458028	2159	75	203940.0	45	300870.0	70	300951.0	34	367268.0	97	331774.0	1.7976931348623157E308	0.0	363.591400ms	1100	363.591400ms	0.0	363.591400ms	1100	363.591400ms	0.0	380.691600ms	100	380.691600ms	0.0	101.535300ms	959	101.535300ms	6.029895342172171E-7	101.535300ms	959	101.535300ms	6.029895342172171E-7	
1260	615585	453	4459921	1893	75	203924.0	45	300870.0	70	300951.0	34	367268.0	97	331774.0	1.7976931348623157E308	0.0	347.410600ms	1100	347.410600ms	0.0	347.410600ms	1100	347.410600ms	0.0	364.161100ms	100	364.161100ms	0.0	67.028500ms	693	67.028500ms	1.1320988078863247E-7	67.028500ms	693	67.028500ms	1.1320988078863247E-7	
1261	616110	525	4462310	2389	75	203851.0	45	300870.0	70	300951.0	34	367268.0	97	331774.0	1.7976931348623157E308	0.0	355.548100ms	1100	355.548100ms	0.0	355.548100ms	1100	355.548100ms	0.0	370.135700ms	100	370.135700ms	0.0	129.985600ms	1189	129.985600ms	3.0107359213574957E-7	129.985600ms	1189	129.985600ms	3.0107359213574957E-7	
1262	616582	471	4464206	1896	75	203814.0	45	300870.0	70	300951.0	34	367268.0	97	331774.0	1.7976931348623157E308	0.0	356.339500ms	1100	356.339500ms	0.0	356.339500ms	1100	356.339500ms	0.0	365.038600ms	100	365.038600ms	1.6017285308079333E-4	76.409400ms	696	76.409400ms	2.6078321686047155E-7	76.409400ms	696	76.409400ms	2.6078321686047155E-7	
1263	617051	469	4465987	1781	75	203746.0	45	300870.0	70	300951.0	34	367268.0	97	331774.0	1.7976931348623157E308	0.0	347.161800ms	1100	347.161800ms	0.0	347.161800ms	1100	347.161800ms	0.0	384.377500ms	100	384.377500ms	0.0	80.419100ms	581	80.419100ms	5.742470434764019E-7	80.419100ms	581	80.419100ms	5.742470434764019E-7	
1264	617630	579	4469188	3201	75	203746.0	45	300870.0	70	300951.0	34	367268.0	97	331774.0	1.7976931348623157E308	0.0	342.369100ms	1100	342.369100ms	0.0	342.369100ms	1100	342.369100ms	0.0	380.58ms	100	380.58ms	0.0	196.631500ms	2001	196.631500ms	0.0	196.631500ms	2001	196.631500ms	0.0	
1265	618139	508	4471522	2334	75	203741.0	45	300870.0	70	300951.0	34	367268.0	97	331774.0	1.7976931348623157E308	0.0	353.989200ms	1100	353.989200ms	0.0	353.989200ms	1100	353.989200ms	0.0	379.840700ms	100	379.840700ms	0.0	114.231900ms	1134	114.231900ms	2.1640528284400077E-8	114.231900ms	1134	114.231900ms	2.1640528284400077E-8	
1266	618570	431	4472902	1380	75	203674.0	45	300870.0	70	300951.0	34	367268.0	97	331774.0	1.7976931348623157E308	0.0	364.328100ms	1100	364.328100ms	0.0	364.328100ms	1100	364.328100ms	0.0	390.803400ms	100	390.803400ms	0.0	24.934900ms	180	24.934900ms	1.826938231491098E-6	24.934900ms	180	24.934900ms	1.826938231491098E-6	
1267	618971	400	4474140	1238	75	203663.0	45	300870.0	70	300951.0	34	367268.0	36	331608.0	1.7976931348623157E308	0.0	346.361900ms	1100	346.361900ms	0.0	346.361900ms	1100	346.361900ms	0.0	396.238300ms	100	396.238300ms	5.737723641305903E-4	13.272200ms	39	13.272200ms	1.3848173161580582E-6	13.272200ms	39	13.272200ms	1.3848173161580582E-6	
1268	619440	468	4475707	1567	75	203592.0	45	300870.0	70	300951.0	34	367268.0	36	331608.0	1.7976931348623157E308	0.0	378.012700ms	1100	378.012700ms	0.0	378.012700ms	1100	378.012700ms	0.0	373.994200ms	100	373.994200ms	0.0	51.181800ms	367	51.181800ms	9.499049432798763E-7	51.181800ms	367	51.181800ms	9.499049432798763E-7	
1269	619895	455	4477103	1396	75	203591.0	45	300870.0	70	300951.0	34	367268.0	36	331608.0	1.7976931348623157E308	0.0	379.254300ms	1100	379.254300ms	0.0	379.254300ms	1100	379.254300ms	0.0	360.106700ms	100	360.106700ms	0.0	36.628ms	196	36.628ms	2.5060124250118917E-8	36.628ms	196	36.628ms	2.5060124250118917E-8	
1270	620310	415	4478561	1458	75	203588.0	45	300870.0	70	300951.0	34	367268.0	36	331608.0	1.7976931348623157E308	0.0	344.532200ms	1100	344.532200ms	0.0	344.532200ms	1100	344.532200ms	0.0	364.254400ms	100	364.254400ms	2.4942375803459373E-4	32.155300ms	258	32.155300ms	5.7114052078625014E-8	32.155300ms	258	32.155300ms	5.7114052078625014E-8	
1271	620984	673	4481762	3201	75	203588.0	45	300870.0	70	300951.0	34	367268.0	36	331608.0	1.7976931348623157E308	0.0	450.854ms	1100	450.854ms	0.0	450.854ms	1100	450.854ms	0.0	412.860900ms	100	412.860900ms	2.698864043113103E-4	177.845900ms	2001	177.845900ms	0.0	177.845900ms	2001	177.845900ms	0.0	
1272	621487	502	4484147	2385	75	203584.0	45	300870.0	70	300951.0	34	367268.0	36	331608.0	1.7976931348623157E308	0.0	347.577100ms	1100	347.577100ms	0.0	347.577100ms	1100	347.577100ms	0.0	330.575900ms	100	330.575900ms	0.0	119.142600ms	1185	119.142600ms	1.6580188548223196E-8	119.142600ms	1185	119.142600ms	1.6580188548223196E-8	
1273	621903	416	4485593	1446	75	203582.0	45	300870.0	70	300951.0	34	367268.0	36	331608.0	1.7976931348623157E308	0.0	343.676500ms	1100	343.676500ms	0.0	343.676500ms	1100	343.676500ms	0.0	370.912700ms	100	370.912700ms	0.0	31.189500ms	246	31.189500ms	3.993477533031874E-8	31.189500ms	246	31.189500ms	3.993477533031874E-8	
1274	622474	571	4488794	3201	75	203582.0	45	300870.0	70	300951.0	34	367268.0	36	331608.0	1.7976931348623157E308	0.0	353.579500ms	1100	353.579500ms	0.0	353.579500ms	1100	353.579500ms	0.0	412.545300ms	100	412.545300ms	0.0	172.986900ms	2001	172.986900ms	0.0	172.986900ms	2001	172.986900ms	0.0	
1275	623077	602	4491995	3201	75	203582.0	45	300870.0	70	300951.0	34	367268.0	36	331608.0	1.7976931348623157E308	0.0	354.351100ms	1100	354.351100ms	0.0	354.351100ms	1100	354.351100ms	0.0	372.911800ms	100	372.911800ms	0.0	208.438700ms	2001	208.438700ms	0.0	208.438700ms	2001	208.438700ms	0.0	
1276	623672	594	4494866	2871	75	203527.0	45	300870.0	70	300951.0	34	367268.0	36	331608.0	1.7976931348623157E308	0.0	356.894800ms	1100	356.894800ms	0.0	356.894800ms	1100	356.894800ms	0.0	371.325ms	100	371.325ms	0.0	198.103900ms	1671	198.103900ms	1.6167648663190758E-7	198.103900ms	1671	198.103900ms	1.6167648663190758E-7	
1277	624158	486	4496233	1367	75	203501.0	45	300870.0	70	300951.0	34	367268.0	36	331608.0	1.7976931348623157E308	0.0	413.876800ms	1100	413.876800ms	0.0	413.876800ms	1100	413.876800ms	0.0	452.992700ms	100	452.992700ms	0.0	24.215ms	167	24.215ms	7.649531647128974E-7	24.215ms	167	24.215ms	7.649531647128974E-7	
1278	624594	435	4497525	1292	75	203473.0	45	300870.0	70	300951.0	34	367268.0	36	331608.0	1.7976931348623157E308	0.0	376.585700ms	1100	376.585700ms	0.0	376.585700ms	1100	376.585700ms	0.0	384.096700ms	100	384.096700ms	0.0	17.927ms	92	17.927ms	1.4955593637713935E-6	17.927ms	92	17.927ms	1.4955593637713935E-6	
1279	625087	493	4498778	1253	75	203343.0	46	298952.0	45	300870.0	34	367268.0	36	331608.0	1.7976931348623157E308	0.0	436.995100ms	1100	436.995100ms	0.0	436.995100ms	1100	436.995100ms	0.0	395.059500ms	100	395.059500ms	3.675421044661187E-4	14.420600ms	53	14.420600ms	1.2054819011264803E-5	14.420600ms	53	14.420600ms	1.2054819011264803E-5	
1280	625567	479	4500545	1767	75	203255.0	46	298952.0	45	300870.0	34	367268.0	36	331608.0	1.7976931348623157E308	0.0	359.762700ms	1100	359.762700ms	0.0	359.762700ms	1100	359.762700ms	0.0	341.697100ms	100	341.697100ms	0.0	79.665200ms	567	79.665200ms	7.632562806168923E-7	79.665200ms	567	79.665200ms	7.632562806168923E-7	
1281	626159	592	4503065	2520	75	203182.0	46	298952.0	45	300870.0	34	367268.0	49	330971.0	1.7976931348623157E308	0.0	431.733600ms	1100	431.733600ms	0.0	431.733600ms	1100	431.733600ms	0.0	381.870600ms	100	381.870600ms	2.9258731709614017E-4	120.717300ms	1320	120.717300ms	2.7208693662160487E-7	120.717300ms	1320	120.717300ms	2.7208693662160487E-7	
1282	626720	560	4506265	3200	75	203182.0	46	298952.0	45	300870.0	34	367268.0	49	330971.0	1.7976931348623157E308	0.0	345.752500ms	1100	345.752500ms	0.0	345.752500ms	1100	345.752500ms	0.0	389.771400ms	100	389.771400ms	0.0	174.797200ms	2001	174.797200ms	0.0	174.797200ms	2001	174.797200ms	0.0	
1283	627335	614	4509466	3201	75	203182.0	46	298952.0	45	300870.0	34	367268.0	49	330971.0	1.7976931348623157E308	0.0	356.297100ms	1100	356.297100ms	0.0	356.297100ms	1100	356.297100ms	0.0	366.417800ms	100	366.417800ms	7.04229500471254E-5	218.8ms	2001	218.8ms	0.0	218.8ms	2001	218.8ms	0.0	
1284	628028	692	4512667	3201	75	203182.0	46	298952.0	45	300870.0	34	367268.0	49	330971.0	1.7976931348623157E308	0.0	398.578700ms	1100	398.578700ms	0.0	398.578700ms	1100	398.578700ms	0.0	373.646200ms	100	373.646200ms	0.0	254.329600ms	2001	254.329600ms	0.0	254.329600ms	2001	254.329600ms	0.0	
1285	628622	594	4515868	3201	75	203182.0	46	298952.0	45	300870.0	34	367268.0	49	330971.0	1.7976931348623157E308	0.0	342.642400ms	1100	342.642400ms	0.0	342.642400ms	1100	342.642400ms	0.0	384.499ms	100	384.499ms	0.0	211.393500ms	2001	211.393500ms	0.0	211.393500ms	2001	211.393500ms	0.0	
1286	629071	448	4517116	1248	75	203134.0	46	298952.0	45	300870.0	34	367268.0	49	330971.0	1.7976931348623157E308	0.0	391.852100ms	1100	391.852100ms	0.0	391.852100ms	1100	391.852100ms	0.0	377.319200ms	100	377.319200ms	0.0	16.907700ms	48	16.907700ms	4.921695819511129E-6	16.907700ms	48	16.907700ms	4.921695819511129E-6	
1287	629550	478	4519154	2038	75	202948.0	46	298952.0	45	300870.0	34	367268.0	49	330971.0	1.7976931348623157E308	0.0	347.506ms	1100	347.506ms	0.0	347.506ms	1100	347.506ms	0.0	361.530400ms	100	361.530400ms	0.0	91.826900ms	838	91.826900ms	1.0926631709748491E-6	91.826900ms	838	91.826900ms	1.0926631709748491E-6	
1288	629962	411	4520372	1218	75	202840.0	46	298952.0	45	300870.0	34	367268.0	49	330971.0	1.7976931348623157E308	0.0	360.602500ms	1100	360.602500ms	0.0	360.602500ms	1100	360.602500ms	0.0	367.412700ms	100	367.412700ms	0.0	11.561700ms	18	11.561700ms	2.9564223347853E-5	11.561700ms	18	11.561700ms	2.9564223347853E-5	
1289	630408	446	4521976	1604	75	202720.0	46	298952.0	45	300870.0	34	367268.0	49	330971.0	1.7976931348623157E308	0.0	354.702600ms	1100	354.702600ms	0.0	354.702600ms	1100	354.702600ms	0.0	389.52ms	100	389.52ms	0.0	49.956600ms	404	49.956600ms	1.4643546784180741E-6	49.956600ms	404	49.956600ms	1.4643546784180741E-6	
1290	630839	431	4523207	1231	75	202500.0	46	298952.0	45	300870.0	34	367268.0	49	330971.0	1.7976931348623157E308	0.0	376.101500ms	1100	376.101500ms	0.0	376.101500ms	1100	376.101500ms	0.0	386.012100ms	100	386.012100ms	0.0	12.725800ms	31	12.725800ms	3.5007765358861396E-5	12.725800ms	31	12.725800ms	3.5007765358861396E-5	
1291	631259	419	4524577	1370	75	202463.0	46	298952.0	45	300870.0	34	367268.0	49	330971.0	1.7976931348623157E308	0.0	352.019500ms	1100	352.019500ms	0.0	352.019500ms	1100	352.019500ms	0.0	389.984300ms	100	389.984300ms	0.0	24.789400ms	170	24.789400ms	1.0748002904864225E-6	24.789400ms	170	24.789400ms	1.0748002904864225E-6	
1292	631710	451	4526206	1629	75	202460.0	46	298952.0	45	300870.0	34	367268.0	49	330971.0	1.7976931348623157E308	0.0	355.593500ms	1100	355.593500ms	0.0	355.593500ms	1100	355.593500ms	0.0	371.885100ms	100	371.885100ms	0.0	56.287ms	430	56.287ms	3.4459353985775694E-8	56.287ms	430	56.287ms	3.4459353985775694E-8	
1293	632117	406	4527431	1225	75	202236.0	46	298952.0	45	300870.0	34	367268.0	49	330971.0	1.7976931348623157E308	0.0	353.988300ms	1100	353.988300ms	0.0	353.988300ms	1100	353.988300ms	0.0	377.355500ms	100	377.355500ms	0.0	11.829200ms	26	11.829200ms	4.255351484433883E-5	11.829200ms	26	11.829200ms	4.255351484433883E-5	
1294	632572	455	4529180	1749	75	202154.0	46	298952.0	45	300870.0	34	367268.0	49	330971.0	1.7976931348623157E308	0.0	352.089700ms	1100	352.089700ms	0.0	352.089700ms	1100	352.089700ms	0.0	438.178ms	100	438.178ms	0.0	58.013100ms	549	58.013100ms	7.385553374836753E-7	58.013100ms	549	58.013100ms	7.385553374836753E-7	
1295	633006	434	4530608	1428	75	202079.0	46	298952.0	45	300870.0	34	367268.0	49	330971.0	1.7976931348623157E308	0.0	354.128500ms	1100	354.128500ms	0.0	354.128500ms	1100	354.128500ms	0.0	387.444200ms	100	387.444200ms	0.0	39.237800ms	228	39.237800ms	1.627211771328203E-6	39.237800ms	228	39.237800ms	1.627211771328203E-6	
1296	633414	407	4531916	1308	75	201884.0	46	298952.0	45	300870.0	34	367268.0	49	330971.0	1.7976931348623157E308	0.0	348.440700ms	1100	348.440700ms	0.0	348.440700ms	1100	348.440700ms	0.0	377.272400ms	100	377.272400ms	0.0	19.169900ms	108	19.169900ms	8.934899497501739E-6	19.169900ms	108	19.169900ms	8.934899497501739E-6	
1297	633873	458	4533547	1631	75	201824.0	46	298952.0	45	300870.0	34	367268.0	49	330971.0	1.7976931348623157E308	0.0	372.762300ms	1100	372.762300ms	0.0	372.762300ms	1100	372.762300ms	0.0	348.018100ms	100	348.018100ms	0.0	47.903ms	431	47.903ms	6.895600289817784E-7	47.903ms	431	47.903ms	6.895600289817784E-7	
1298	634278	405	4534757	1210	75	201821.0	46	298952.0	45	300870.0	34	367268.0	49	330971.0	1.7976931348623157E308	0.0	353.741900ms	1100	353.741900ms	0.0	353.741900ms	1100	353.741900ms	0.0	377.785700ms	100	377.785700ms	0.0	11.047ms	10	11.047ms	1.4864436340578102E-6	11.047ms	10	11.047ms	1.4864436340578102E-6	
1299	634689	410	4536009	1252	75	201638.0	46	298952.0	45	300870.0	34	367268.0	49	330971.0	1.7976931348623157E308	0.0	355.856ms	1100	355.856ms	0.0	355.856ms	1100	355.856ms	0.0	361.968ms	100	361.968ms	0.0	15.108500ms	52	15.108500ms	1.7437386442594226E-5	15.108500ms	52	15.108500ms	1.7437386442594226E-5	
1300	635107	418	4537486	1477	75	201624.0	46	298952.0	45	300870.0	34	367268.0	49	330971.0	1.7976931348623157E308	0.0	343.015200ms	1100	343.015200ms	0.0	343.015200ms	1100	343.015200ms	0.0	389.147900ms	100	389.147900ms	0.0	34.679200ms	277	34.679200ms	2.506547190780646E-7	34.679200ms	277	34.679200ms	2.506547190780646E-7	
1301	635553	445	4538826	1340	75	201595.0	46	298952.0	45	300870.0	34	367268.0	49	330971.0	1.7976931348623157E308	0.0	372.259ms	1100	372.259ms	0.0	372.259ms	1100	372.259ms	0.0	371.788ms	100	371.788ms	0.0	33.11ms	140	33.11ms	1.0273720248722894E-6	33.11ms	140	33.11ms	1.0273720248722894E-6	
1302	636146	593	4542027	3201	75	201595.0	46	298952.0	45	300870.0	34	367268.0	49	330971.0	1.7976931348623157E308	0.0	344.127200ms	1100	344.127200ms	0.0	344.127200ms	1100	344.127200ms	0.0	362.947200ms	100	362.947200ms	0.0	208.829200ms	2001	208.829200ms	0.0	208.829200ms	2001	208.829200ms	0.0	
1303	636703	557	4544268	2241	75	201424.0	46	298952.0	45	300870.0	34	367268.0	49	330971.0	1.7976931348623157E308	0.0	399.839600ms	1100	399.839600ms	0.0	399.839600ms	1100	399.839600ms	0.0	370.309ms	100	370.309ms	0.0	118.399ms	1041	118.399ms	8.148273999007663E-7	118.399ms	1041	118.399ms	8.148273999007663E-7	
1304	637294	590	4547190	2922	75	201423.0	46	298952.0	45	300870.0	34	367268.0	49	330971.0	1.7976931348623157E308	0.0	371.999200ms	1100	371.999200ms	0.0	371.999200ms	1100	371.999200ms	0.0	409.818ms	100	409.818ms	0.0	176.086400ms	1722	176.086400ms	2.883072984891954E-9	176.086400ms	1722	176.086400ms	2.883072984891954E-9	
1305	637728	434	4548524	1334	75	201412.0	46	298952.0	45	300870.0	34	367268.0	49	330971.0	1.7976931348623157E308	0.0	370.917100ms	1100	370.917100ms	0.0	370.917100ms	1100	370.917100ms	0.0	381.311400ms	100	381.311400ms	0.0	22.085800ms	134	22.085800ms	4.0754805676989695E-7	22.085800ms	134	22.085800ms	4.0754805676989695E-7	
1306	638176	448	4549967	1443	75	201409.0	46	298952.0	45	300870.0	34	367268.0	49	330971.0	1.7976931348623157E308	0.0	375.914200ms	1100	375.914200ms	0.0	375.914200ms	1100	375.914200ms	0.0	383.150700ms	100	383.150700ms	0.0	30.531100ms	243	30.531100ms	6.129564778836075E-8	30.531100ms	243	30.531100ms	6.129564778836075E-8	
1307	638693	517	4552141	2174	75	201351.0	46	298952.0	45	300870.0	34	367268.0	49	330971.0	1.7976931348623157E308	0.0	355.421300ms	1100	355.421300ms	4.0632787951068074E-8	355.421300ms	1100	355.421300ms	4.0632787951068074E-8	373.120200ms	100	373.120200ms	0.0	122.430100ms	974	122.430100ms	2.497803385824446E-7	122.430100ms	974	122.430100ms	2.497803385824446E-7	
1308	639132	438	4553341	1200	75	201351.0	46	298952.0	45	300870.0	34	367268.0	49	330971.0	1.7976931348623157E308	0.0	393.688700ms	1100	393.688700ms	0.0	393.688700ms	1100	393.688700ms	0.0	419.224700ms	100	419.224700ms	0.0	0s	0	0s	0.0	0s	0	0s	0.0	
1309	639727	595	4556542	3201	75	201351.0	46	298952.0	45	300870.0	34	367268.0	49	330971.0	1.7976931348623157E308	0.0	365.470200ms	1100	365.470200ms	0.0	365.470200ms	1100	365.470200ms	0.0	383.15ms	100	383.15ms	0.0	189.973100ms	2001	189.973100ms	0.0	189.973100ms	2001	189.973100ms	0.0	
1310	640332	604	4559743	3201	75	201351.0	46	298952.0	45	300870.0	34	367268.0	49	330971.0	1.7976931348623157E308	0.0	352.732600ms	1100	352.732600ms	0.0	352.732600ms	1100	352.732600ms	0.0	410.278300ms	100	410.278300ms	0.0	208.853300ms	2001	208.853300ms	0.0	208.853300ms	2001	208.853300ms	0.0	
1311	640933	601	4562943	3200	75	201316.0	46	298952.0	45	300870.0	34	367268.0	49	330971.0	1.7976931348623157E308	0.0	353.598600ms	1100	353.598600ms	1.580234606144628E-7	353.598600ms	1100	353.598600ms	1.580234606144628E-7	380.908700ms	100	380.908700ms	0.0	207.029ms	2001	207.029ms	0.0	207.029ms	2001	207.029ms	0.0	
1312	641333	399	4564143	1200	75	201316.0	46	298952.0	45	300870.0	34	367268.0	49	330971.0	1.7976931348623157E308	0.0	358.475400ms	1100	358.475400ms	0.0	358.475400ms	1100	358.475400ms	0.0	379.697400ms	100	379.697400ms	0.0	0s	0	0s	0.0	0s	0	0s	0.0	
1313	641887	553	4566014	1871	75	201254.0	46	298952.0	45	300870.0	34	367268.0	38	330747.0	1.7976931348623157E308	0.0	433.322300ms	1100	433.322300ms	0.0	433.322300ms	1100	433.322300ms	0.0	399.399500ms	100	399.399500ms	4.905918354059513E-4	78.707ms	672	78.707ms	4.5829394962106546E-7	78.707ms	672	78.707ms	4.5829394962106546E-7	
1314	642337	450	4567613	1599	75	201240.0	46	298952.0	45	300870.0	34	367268.0	38	330747.0	1.7976931348623157E308	0.0	357.205300ms	1100	357.205300ms	3.61381344049505E-8	357.205300ms	1100	357.205300ms	3.61381344049505E-8	359.171400ms	100	359.171400ms	0.0	53.854700ms	399	53.854700ms	7.47194787927554E-8	53.854700ms	399	53.854700ms	7.47194787927554E-8	
1315	642814	477	4568813	1200	75	201240.0	46	298952.0	45	300870.0	34	367268.0	38	330747.0	1.7976931348623157E308	0.0	437.316800ms	1100	437.316800ms	0.0	437.316800ms	1100	437.316800ms	0.0	378.865100ms	100	378.865100ms	1.527043242522552E-4	0s	0	0s	0.0	0s	0	0s	0.0	
1316	643407	593	4572014	3201	75	201240.0	46	298952.0	45	300870.0	34	367268.0	38	330747.0	1.7976931348623157E308	0.0	342.252800ms	1100	342.252800ms	0.0	342.252800ms	1100	342.252800ms	0.0	374.042100ms	100	374.042100ms	0.0	210.276200ms	2001	210.276200ms	0.0	210.276200ms	2001	210.276200ms	0.0	
1317	644001	593	4575215	3201	75	201229.0	46	298952.0	45	300870.0	34	367268.0	38	330747.0	1.7976931348623157E308	0.0	377.618700ms	1100	377.618700ms	4.96919101569934E-8	377.618700ms	1100	377.618700ms	4.96919101569934E-8	379.969300ms	100	379.969300ms	0.0	175.540700ms	2001	175.540700ms	0.0	175.540700ms	2001	175.540700ms	0.0	
1318	644405	403	4576415	1200	75	201229.0	46	298952.0	45	300870.0	34	367268.0	38	330747.0	1.7976931348623157E308	0.0	363.840600ms	1100	363.840600ms	0.0	363.840600ms	1100	363.840600ms	0.0	353.001600ms	100	353.001600ms	0.0	0s	0	0s	0.0	0s	0	0s	0.0	
1319	645021	616	4579616	3201	75	201229.0	46	298952.0	45	300870.0	34	367268.0	38	330747.0	1.7976931348623157E308	0.0	366.934100ms	1100	366.934100ms	0.0	366.934100ms	1100	366.934100ms	0.0	382.764ms	100	382.764ms	0.0	209.408800ms	2001	209.408800ms	0.0	209.408800ms	2001	209.408800ms	0.0	
1320	645467	445	4581141	1525	75	201182.0	46	298952.0	45	300870.0	34	367268.0	38	330747.0	1.7976931348623157E308	0.0	367.168600ms	1100	367.168600ms	0.0	367.168600ms	1100	367.168600ms	0.0	381.034ms	100	381.034ms	0.0	37.866700ms	325	37.866700ms	7.186607527513818E-7	37.866700ms	325	37.866700ms	7.186607527513818E-7	
1321	646061	594	4584342	3201	75	201182.0	46	298952.0	45	300870.0	34	367268.0	38	330747.0	1.7976931348623157E308	0.0	353.652400ms	1100	353.652400ms	0.0	353.652400ms	1100	353.652400ms	0.0	411.536700ms	100	411.536700ms	0.0	196.201800ms	2001	196.201800ms	0.0	196.201800ms	2001	196.201800ms	0.0	
1322	646583	521	4586101	1759	75	201177.0	46	298952.0	45	300870.0	34	367268.0	38	330747.0	1.7976931348623157E308	0.0	414.916600ms	1100	414.916600ms	0.0	414.916600ms	1100	414.916600ms	0.0	363.038500ms	100	363.038500ms	1.7073846218781274E-4	67.477600ms	559	67.477600ms	4.4459960773184297E-8	67.477600ms	559	67.477600ms	4.4459960773184297E-8	
1323	647084	501	4587859	1758	75	201168.0	46	298952.0	45	300870.0	34	367268.0	37	330638.0	1.7976931348623157E308	0.0	391.438400ms	1100	391.438400ms	0.0	391.438400ms	1100	391.438400ms	0.0	408.480100ms	100	408.480100ms	3.076554330168102E-4	67.766600ms	558	67.766600ms	8.017334117740591E-8	67.766600ms	558	67.766600ms	8.017334117740591E-8	
1324	647526	442	4589246	1387	75	201122.0	46	298952.0	45	300870.0	34	367268.0	37	330638.0	1.7976931348623157E308	0.0	372.405900ms	1100	372.405900ms	0.0	372.405900ms	1100	372.405900ms	0.0	419.963400ms	100	419.963400ms	0.0	25.926900ms	187	25.926900ms	1.2228053408736777E-6	25.926900ms	187	25.926900ms	1.2228053408736777E-6	
1325	647927	401	4590499	1253	75	201107.0	46	298952.0	45	300870.0	34	367268.0	37	330638.0	1.7976931348623157E308	0.0	345.772400ms	1100	345.772400ms	0.0	345.772400ms	1100	345.772400ms	0.0	373.106500ms	100	373.106500ms	0.0	14.735500ms	54	14.735500ms	1.3811406896203349E-6	14.735500ms	54	14.735500ms	1.3811406896203349E-6	
1326	648355	427	4592024	1525	75	201094.0	46	298952.0	45	300870.0	34	367268.0	27	330552.0	1.7976931348623157E308	0.0	348.901500ms	1100	348.901500ms	0.0	348.901500ms	1100	348.901500ms	0.0	375.320600ms	100	375.320600ms	2.586738866629856E-4	37.196700ms	325	37.196700ms	1.988990935173864E-7	37.196700ms	325	37.196700ms	1.988990935173864E-7	
1327	648782	426	4593259	1235	75	201078.0	46	298952.0	45	300870.0	34	367268.0	27	330552.0	1.7976931348623157E308	0.0	370.384200ms	1100	370.384200ms	0.0	370.384200ms	1100	370.384200ms	0.0	412.238100ms	100	412.238100ms	0.0	13.037ms	35	13.037ms	2.2732794471387E-6	13.037ms	35	13.037ms	2.2732794471387E-6	
1328	649201	419	4594624	1365	75	201076.0	46	298952.0	45	300870.0	34	367268.0	27	330552.0	1.7976931348623157E308	0.0	353.449200ms	1100	353.449200ms	0.0	353.449200ms	1100	353.449200ms	0.0	373.643300ms	100	373.643300ms	1.0625963756941913E-4	23.919600ms	165	23.919600ms	6.028114523306336E-8	23.919600ms	165	23.919600ms	6.028114523306336E-8	
1329	649688	487	4596020	1396	75	201065.0	46	298952.0	45	300870.0	34	367268.0	69	330131.0	1.7976931348623157E308	0.0	409.206200ms	1100	409.206200ms	0.0	409.206200ms	1100	409.206200ms	0.0	391.286400ms	100	391.286400ms	6.590820837101763E-4	37.702700ms	196	37.702700ms	2.791106297098961E-7	37.702700ms	196	37.702700ms	2.791106297098961E-7	
1330	650258	570	4597859	1839	75	201048.0	46	298952.0	45	300870.0	34	367268.0	69	330131.0	1.7976931348623157E308	0.0	455.559600ms	1100	455.559600ms	0.0	455.559600ms	1100	455.559600ms	0.0	380.073800ms	100	380.073800ms	0.0	74.199400ms	640	74.199400ms	1.3210901947131176E-7	74.199400ms	640	74.199400ms	1.3210901947131176E-7	
1331	650856	597	4601060	3201	75	201048.0	46	298952.0	45	300870.0	34	367268.0	69	330131.0	1.7976931348623157E308	0.0	345.189700ms	1100	345.189700ms	0.0	345.189700ms	1100	345.189700ms	0.0	386.845ms	100	386.845ms	0.0	211.473300ms	2001	211.473300ms	0.0	211.473300ms	2001	211.473300ms	0.0	
1332	651335	479	4602999	1939	75	201036.0	46	298952.0	45	300870.0	34	367268.0	69	330131.0	1.7976931348623157E308	0.0	352.248900ms	1100	352.248900ms	0.0	352.248900ms	1100	352.248900ms	0.0	394.606800ms	100	394.606800ms	0.0	82.587300ms	739	82.587300ms	8.076757627643975E-8	82.587300ms	739	82.587300ms	8.076757627643975E-8	
1333	651837	502	4605119	2120	75	201031.0	46	298952.0	45	300870.0	34	367268.0	69	330131.0	1.7976931348623157E308	0.0	365.952700ms	1100	365.952700ms	0.0	365.952700ms	1100	365.952700ms	0.0	366.777600ms	100	366.777600ms	0.0	97.324700ms	920	97.324700ms	2.7033877557671437E-8	97.324700ms	920	97.324700ms	2.7033877557671437E-8	
1334	652458	620	4608320	3201	75	201031.0	46	298952.0	45	300870.0	34	367268.0	69	330131.0	1.7976931348623157E308	0.0	361.766400ms	1100	361.766400ms	0.0	361.766400ms	1100	361.766400ms	0.0	374.576900ms	100	374.576900ms	0.0	217.985400ms	2001	217.985400ms	0.0	217.985400ms	2001	217.985400ms	0.0	
1335	653056	597	4611521	3201	75	201031.0	46	298952.0	45	300870.0	34	367268.0	69	330131.0	1.7976931348623157E308	0.0	341.426700ms	1100	341.426700ms	0.0	341.426700ms	1100	341.426700ms	0.0	378.412300ms	100	378.412300ms	0.0	215.289100ms	2001	215.289100ms	0.0	215.289100ms	2001	215.289100ms	0.0	
1336	653678	622	4614684	3163	75	201014.0	46	298952.0	45	300870.0	34	367268.0	69	330131.0	1.7976931348623157E308	0.0	390.933900ms	1100	390.933900ms	0.0	390.933900ms	1100	390.933900ms	0.0	378.716900ms	100	378.716900ms	0.0	191.107500ms	1963	191.107500ms	4.307899755873891E-8	191.107500ms	1963	191.107500ms	4.307899755873891E-8	
1337	654250	572	4616874	2190	75	200812.0	46	298952.0	45	300870.0	34	367268.0	69	330131.0	1.7976931348623157E308	0.0	353.465800ms	1100	353.465800ms	8.999959748924213E-7	353.465800ms	1100	353.465800ms	8.999959748924213E-7	370.367300ms	100	370.367300ms	0.0	178.944300ms	990	178.944300ms	1.507508447321762E-8	178.944300ms	990	178.944300ms	1.507508447321762E-8	
1338	654670	420	4618074	1200	75	200812.0	46	298952.0	45	300870.0	34	367268.0	69	330131.0	1.7976931348623157E308	0.0	379.887ms	1100	379.887ms	0.0	379.887ms	1100	379.887ms	0.0	368.439ms	100	368.439ms	0.0	0s	0	0s	0.0	0s	0	0s	0.0	
1339	655206	535	4620477	2403	75	200806.0	46	298952.0	45	300870.0	34	367268.0	69	330131.0	1.7976931348623157E308	0.0	362.421100ms	1100	362.421100ms	0.0	362.421100ms	1100	362.421100ms	0.0	390.551300ms	100	390.551300ms	0.0	131.926100ms	1203	131.926100ms	2.4836818377695066E-8	131.926100ms	1203	131.926100ms	2.4836818377695066E-8	
1340	655777	570	4623678	3201	75	200806.0	46	298952.0	45	300870.0	34	367268.0	69	330131.0	1.7976931348623157E308	0.0	343.192100ms	1100	343.192100ms	0.0	343.192100ms	1100	343.192100ms	0.0	384.480400ms	100	384.480400ms	0.0	185.356100ms	2001	185.356100ms	0.0	185.356100ms	2001	185.356100ms	0.0	
1341	656335	558	4626879	3201	75	200806.0	46	298952.0	45	300870.0	34	367268.0	69	330131.0	1.7976931348623157E308	0.0	343.922400ms	1100	343.922400ms	0.0	343.922400ms	1100	343.922400ms	0.0	375.981900ms	100	375.981900ms	0.0	174.804900ms	2001	174.804900ms	0.0	174.804900ms	2001	174.804900ms	0.0	
1342	657071	735	4630080	3201	75	200806.0	46	298952.0	45	300870.0	34	367268.0	69	330131.0	1.7976931348623157E308	0.0	494.955300ms	1100	494.955300ms	0.0	494.955300ms	1100	494.955300ms	0.0	379.684100ms	100	379.684100ms	0.0	199.251ms	2001	199.251ms	0.0	199.251ms	2001	199.251ms	0.0	
1343	657650	578	4633281	3201	75	200806.0	46	298952.0	45	300870.0	34	367268.0	69	330131.0	1.7976931348623157E308	0.0	359.194400ms	1100	359.194400ms	0.0	359.194400ms	1100	359.194400ms	0.0	443.185ms	100	443.185ms	0.0	174.038800ms	2001	174.038800ms	0.0	174.038800ms	2001	174.038800ms	0.0	
1344	658253	603	4636482	3201	75	200806.0	46	298952.0	45	300870.0	34	367268.0	69	330131.0	1.7976931348623157E308	0.0	345.541200ms	1100	345.541200ms	0.0	345.541200ms	1100	345.541200ms	0.0	368.699100ms	100	368.699100ms	0.0	218.124600ms	2001	218.124600ms	0.0	218.124600ms	2001	218.124600ms	0.0	
1345	658826	573	4639207	2725	75	200792.0	46	298952.0	45	300870.0	34	367268.0	69	330131.0	1.7976931348623157E308	0.0	374.406600ms	1100	374.406600ms	0.0	374.406600ms	1100	374.406600ms	0.0	384.022600ms	100	384.022600ms	0.0	157.802800ms	1525	157.802800ms	4.571739822937547E-8	157.802800ms	1525	157.802800ms	4.571739822937547E-8	
1346	659454	627	4642408	3201	75	200792.0	46	298952.0	45	300870.0	34	367268.0	69	330131.0	1.7976931348623157E308	0.0	374.437300ms	1100	374.437300ms	0.0	374.437300ms	1100	374.437300ms	0.0	425.507600ms	100	425.507600ms	0.0	206.779200ms	2001	206.779200ms	0.0	206.779200ms	2001	206.779200ms	0.0	
1347	660101	646	4645423	3015	75	200730.0	46	298952.0	45	300870.0	34	367268.0	69	330131.0	1.7976931348623157E308	0.0	356.128200ms	1100	356.128200ms	0.0	356.128200ms	1100	356.128200ms	0.0	386.213200ms	100	386.213200ms	0.0	249.194400ms	1815	249.194400ms	1.7012520227063046E-7	249.194400ms	1815	249.194400ms	1.7012520227063046E-7	
1348	660630	529	4647959	2536	75	200712.0	46	298952.0	45	300870.0	34	367268.0	69	330131.0	1.7976931348623157E308	0.0	366.876100ms	1100	366.876100ms	0.0	366.876100ms	1100	366.876100ms	0.0	355.065800ms	100	355.065800ms	0.0	124.612ms	1336	124.612ms	6.712028043744175E-8	124.612ms	1336	124.612ms	6.712028043744175E-8	
1349	661039	408	4649198	1239	75	200563.0	46	298952.0	45	300870.0	34	367268.0	69	330131.0	1.7976931348623157E308	0.0	355.731500ms	1100	355.731500ms	0.0	355.731500ms	1100	355.731500ms	0.0	368.935900ms	100	368.935900ms	0.0	13.683500ms	39	13.683500ms	1.9034800213801598E-5	13.683500ms	39	13.683500ms	1.9034800213801598E-5	
1350	661618	579	4652399	3201	75	200563.0	46	298952.0	45	300870.0	34	367268.0	83	329928.0	1.7976931348623157E308	0.0	351.980800ms	1100	351.980800ms	0.0	351.980800ms	1100	351.980800ms	0.0	388.893500ms	100	388.893500ms	3.69120010974886E-4	185.153400ms	2001	185.153400ms	0.0	185.153400ms	2001	185.153400ms	0.0	
1351	662046	427	4653843	1444	75	200464.0	46	298952.0	45	300870.0	34	367268.0	83	329928.0	1.7976931348623157E308	0.0	354.162400ms	1100	354.162400ms	0.0	354.162400ms	1100	354.162400ms	0.0	406.763700ms	100	406.763700ms	0.0	31.261800ms	244	31.261800ms	2.022993797051458E-6	31.261800ms	244	31.261800ms	2.022993797051458E-6	
1352	662501	454	4655492	1649	75	200415.0	46	298952.0	45	300870.0	34	367268.0	83	329928.0	1.7976931348623157E308	0.0	364.342300ms	1100	364.342300ms	0.0	364.342300ms	1100	364.342300ms	0.0	377.541900ms	100	377.541900ms	0.0	49.967900ms	449	49.967900ms	5.443940214603453E-7	49.967900ms	449	49.967900ms	5.443940214603453E-7	
1353	663090	589	4658693	3201	75	200415.0	46	298952.0	45	300870.0	34	367268.0	83	329928.0	1.7976931348623157E308	0.0	357.09ms	1100	357.09ms	0.0	357.09ms	1100	357.09ms	0.0	376.719600ms	100	376.719600ms	3.6202975963372743E-4	190.303200ms	2001	190.303200ms	0.0	190.303200ms	2001	190.303200ms	0.0	
1354	663674	584	4661894	3201	75	200415.0	46	298952.0	45	300870.0	34	367268.0	83	329928.0	1.7976931348623157E308	0.0	367.170200ms	1100	367.170200ms	0.0	367.170200ms	1100	367.170200ms	0.0	372.948100ms	100	372.948100ms	1.0641857001137512E-4	176.466300ms	2001	176.466300ms	0.0	176.466300ms	2001	176.466300ms	0.0	
1355	664149	474	4663669	1775	75	200412.0	46	298952.0	45	300870.0	34	367268.0	83	329928.0	1.7976931348623157E308	0.0	367.103400ms	1100	367.103400ms	0.0	367.103400ms	1100	367.103400ms	0.0	372.862800ms	100	372.862800ms	1.673809400870896E-4	67.899700ms	575	67.899700ms	2.6032938175013027E-8	67.899700ms	575	67.899700ms	2.6032938175013027E-8	
1356	664614	465	4665046	1377	75	200401.0	46	298952.0	45	300870.0	34	367268.0	83	329928.0	1.7976931348623157E308	0.0	398.700700ms	1100	398.700700ms	0.0	398.700700ms	1100	398.700700ms	0.0	377.241600ms	100	377.241600ms	8.413132900457753E-6	26.497600ms	177	26.497600ms	3.100956662046265E-7	26.497600ms	177	26.497600ms	3.100956662046265E-7	
1357	665065	451	4666766	1720	75	200379.0	58	294828.0	46	298952.0	34	367268.0	44	329854.0	1.7976931348623157E308	0.0	346.226ms	1100	346.226ms	0.0	346.226ms	1100	346.226ms	0.0	381.235800ms	100	381.235800ms	0.0011338724276989053	65.006ms	520	65.006ms	2.1111517561131712E-7	65.006ms	520	65.006ms	2.1111517561131712E-7	
1358	665554	489	4668356	1590	75	200361.0	58	294828.0	46	298952.0	34	367268.0	44	329854.0	1.7976931348623157E308	0.0	394.255500ms	1100	394.255500ms	0.0	394.255500ms	1100	394.255500ms	0.0	382.877900ms	100	382.877900ms	0.0	53.510300ms	390	53.510300ms	2.303327502076536E-7	53.510300ms	390	53.510300ms	2.303327502076536E-7	
1359	666167	612	4671557	3201	75	200361.0	58	294828.0	46	298952.0	34	367268.0	44	329854.0	1.7976931348623157E308	0.0	355.913200ms	1100	355.913200ms	0.0	355.913200ms	1100	355.913200ms	0.0	381.591300ms	100	381.591300ms	0.0	215.887200ms	2001	215.887200ms	0.0	215.887200ms	2001	215.887200ms	0.0	
1360	666641	473	4673543	1986	75	200327.0	58	294828.0	46	298952.0	34	367268.0	44	329854.0	1.7976931348623157E308	0.0	345.792100ms	1100	345.792100ms	0.0	345.792100ms	1100	345.792100ms	0.0	368.836100ms	100	368.836100ms	0.0	87.253700ms	786	87.253700ms	2.1589529626761705E-7	87.253700ms	786	87.253700ms	2.1589529626761705E-7	
1361	667158	517	4675856	2313	75	200325.0	58	294828.0	46	298952.0	34	367268.0	44	329854.0	1.7976931348623157E308	0.0	355.124700ms	1100	355.124700ms	0.0	355.124700ms	1100	355.124700ms	0.0	373.169900ms	100	373.169900ms	0.0	122.076100ms	1113	122.076100ms	8.970059917866345E-9	122.076100ms	1113	122.076100ms	8.970059917866345E-9	
1362	667600	441	4677505	1649	75	200317.0	58	294828.0	46	298952.0	34	367268.0	44	329854.0	1.7976931348623157E308	0.0	354.280900ms	1100	354.280900ms	0.0	354.280900ms	1100	354.280900ms	0.0	384.121900ms	100	384.121900ms	0.0	47.230900ms	449	47.230900ms	8.894232840453623E-8	47.230900ms	449	47.230900ms	8.894232840453623E-8	
1363	668060	460	4679230	1725	75	200314.0	58	294828.0	46	298952.0	34	367268.0	44	329854.0	1.7976931348623157E308	0.0	354.545300ms	1100	354.545300ms	0.0	354.545300ms	1100	354.545300ms	0.0	393.340500ms	100	393.340500ms	0.0	64.352300ms	525	64.352300ms	2.8526214521334177E-8	64.352300ms	525	64.352300ms	2.8526214521334177E-8	
1364	668723	663	4680785	1555	75	200287.0	58	294828.0	46	298952.0	34	367268.0	44	329854.0	1.7976931348623157E308	0.0	582.525700ms	1100	582.525700ms	0.0	582.525700ms	1100	582.525700ms	0.0	405.332800ms	100	405.332800ms	0.0	39.056300ms	355	39.056300ms	3.796855837743752E-7	39.056300ms	355	39.056300ms	3.796855837743752E-7	
1365	669657	934	4683986	3201	75	200287.0	58	294828.0	46	298952.0	34	367268.0	44	329854.0	1.7976931348623157E308	0.0	635.002100ms	1100	635.002100ms	0.0	635.002100ms	1100	635.002100ms	0.0	368.949100ms	100	368.949100ms	0.0	259.989200ms	2001	259.989200ms	0.0	259.989200ms	2001	259.989200ms	0.0	
1366	670163	506	4686101	2115	75	200276.0	58	294828.0	46	298952.0	34	367268.0	44	329854.0	1.7976931348623157E308	0.0	367.445200ms	1100	367.445200ms	0.0	367.445200ms	1100	367.445200ms	0.0	377.927700ms	100	377.927700ms	0.0	96.920400ms	915	96.920400ms	6.002315638812693E-8	96.920400ms	915	96.920400ms	6.002315638812693E-8	
1367	670828	664	4689301	3200	75	200276.0	58	294828.0	46	298952.0	34	367268.0	44	329854.0	1.7976931348623157E308	0.0	355.938700ms	1100	355.938700ms	0.0	355.938700ms	1100	355.938700ms	0.0	381.366100ms	100	381.366100ms	1.5878925309822378E-4	267.631600ms	2001	267.631600ms	0.0	267.631600ms	2001	267.631600ms	0.0	
1368	671423	594	4692502	3201	75	200276.0	58	294828.0	46	298952.0	34	367268.0	44	329854.0	1.7976931348623157E308	0.0	353.527200ms	1100	353.527200ms	0.0	353.527200ms	1100	353.527200ms	0.0	400.278500ms	100	400.278500ms	0.0	199.956ms	2001	199.956ms	0.0	199.956ms	2001	199.956ms	0.0	
1369	671965	542	4694080	1578	75	200143.0	58	294828.0	46	298952.0	34	367268.0	44	329854.0	1.7976931348623157E308	0.0	440.876800ms	1100	440.876800ms	0.0	440.876800ms	1100	440.876800ms	0.0	444.782800ms	100	444.782800ms	0.0	53.334500ms	378	53.334500ms	1.7568348271976946E-6	53.334500ms	378	53.334500ms	1.7568348271976946E-6	
1370	672596	630	4697281	3201	75	200143.0	58	294828.0	46	298952.0	34	367268.0	44	329854.0	1.7976931348623157E308	0.0	383.227100ms	1100	383.227100ms	0.0	383.227100ms	1100	383.227100ms	0.0	366.528600ms	100	366.528600ms	0.0	207.596200ms	2001	207.596200ms	0.0	207.596200ms	2001	207.596200ms	0.0	
1371	673223	627	4700482	3201	75	200143.0	58	294828.0	46	298952.0	34	367268.0	44	329854.0	1.7976931348623157E308	0.0	351.567800ms	1100	351.567800ms	0.0	351.567800ms	1100	351.567800ms	0.0	413.381ms	100	413.381ms	0.0	229.913200ms	2001	229.913200ms	0.0	229.913200ms	2001	229.913200ms	0.0	
1372	673784	561	4702672	2190	75	200117.0	58	294828.0	46	298952.0	34	367268.0	44	329854.0	1.7976931348623157E308	0.0	422.922300ms	1100	422.922300ms	0.0	422.922300ms	1100	422.922300ms	0.0	367.333500ms	100	367.333500ms	0.0	99.079300ms	990	99.079300ms	1.3121930950687808E-7	99.079300ms	990	99.079300ms	1.3121930950687808E-7	
1373	674399	614	4705873	3201	75	200117.0	58	294828.0	46	298952.0	34	367268.0	44	329854.0	1.7976931348623157E308	0.0	358.191400ms	1100	358.191400ms	0.0	358.191400ms	1100	358.191400ms	0.0	382.142500ms	100	382.142500ms	0.0	215.874100ms	2001	215.874100ms	0.0	215.874100ms	2001	215.874100ms	0.0	
1374	674907	507	4707869	1996	75	199971.0	58	294828.0	46	298952.0	34	367268.0	44	329854.0	1.7976931348623157E308	0.0	367.886600ms	1100	367.886600ms	0.0	367.886600ms	1100	367.886600ms	0.0	407.093200ms	100	407.093200ms	0.0	96.583300ms	796	96.583300ms	9.16549245826817E-7	96.583300ms	796	96.583300ms	9.16549245826817E-7	
1375	675459	552	4709885	2016	75	199966.0	58	294828.0	46	298952.0	34	367268.0	44	329854.0	1.7976931348623157E308	0.0	425.476100ms	1100	425.476100ms	0.0	425.476100ms	1100	425.476100ms	0.0	367.593600ms	100	367.593600ms	0.0	88.549200ms	816	88.549200ms	3.0641697948174296E-8	88.549200ms	816	88.549200ms	3.0641697948174296E-8	
1376	676084	624	4713086	3201	75	199966.0	58	294828.0	46	298952.0	34	367268.0	44	329854.0	1.7976931348623157E308	0.0	376.403400ms	1100	376.403400ms	0.0	376.403400ms	1100	376.403400ms	0.0	389.453500ms	100	389.453500ms	0.0	206.892400ms	2001	206.892400ms	0.0	206.892400ms	2001	206.892400ms	0.0	
1377	676778	694	4716262	3176	75	199941.0	58	294828.0	46	298952.0	34	367268.0	44	329854.0	1.7976931348623157E308	0.0	424.755500ms	1100	424.755500ms	0.0	424.755500ms	1100	424.755500ms	0.0	389.980200ms	100	389.980200ms	0.0	229.032700ms	1976	229.032700ms	6.32698651888327E-8	229.032700ms	1976	229.032700ms	6.32698651888327E-8	
1378	677283	504	4717791	1529	75	199875.0	58	294828.0	46	298952.0	34	367268.0	44	329854.0	1.7976931348623157E308	0.0	401.541800ms	1100	401.541800ms	0.0	401.541800ms	1100	401.541800ms	0.0	420.220700ms	100	420.220700ms	0.0	58.329100ms	329	58.329100ms	1.0033354976495147E-6	58.329100ms	329	58.329100ms	1.0033354976495147E-6	
1379	677717	434	4719145	1354	75	199837.0	58	294828.0	46	298952.0	34	367268.0	44	329854.0	1.7976931348623157E308	0.0	368.086100ms	1100	368.086100ms	0.0	368.086100ms	1100	368.086100ms	0.0	408.810500ms	100	408.810500ms	0.0	23.825ms	154	23.825ms	1.2345378199033605E-6	23.825ms	154	23.825ms	1.2345378199033605E-6	
1380	678328	610	4722345	3200	75	199837.0	58	294828.0	46	298952.0	34	367268.0	44	329854.0	1.7976931348623157E308	0.0	366.805300ms	1100	366.805300ms	0.0	366.805300ms	1100	366.805300ms	0.0	399.579400ms	100	399.579400ms	0.0	199.976700ms	2001	199.976700ms	0.0	199.976700ms	2001	199.976700ms	0.0	
1381	678927	598	4725545	3200	75	199837.0	58	294828.0	46	298952.0	34	367268.0	44	329854.0	1.7976931348623157E308	0.0	383.760300ms	1100	383.760300ms	0.0	383.760300ms	1100	383.760300ms	0.0	387.255700ms	100	387.255700ms	0.0	174.013300ms	2001	174.013300ms	0.0	174.013300ms	2001	174.013300ms	0.0	
1382	679805	878	4728662	3117	75	199723.0	58	294828.0	46	298952.0	34	367268.0	44	329854.0	1.7976931348623157E308	0.0	461.572700ms	1100	461.572700ms	0.0	461.572700ms	1100	461.572700ms	0.0	426.544300ms	100	426.544300ms	0.0	368.369400ms	1917	368.369400ms	2.975821225441328E-7	368.369400ms	1917	368.369400ms	2.975821225441328E-7	
1383	680325	519	4729894	1232	75	199677.0	58	294828.0	46	298952.0	34	367268.0	44	329854.0	1.7976931348623157E308	0.0	451.152900ms	1100	451.152900ms	0.0	451.152900ms	1100	451.152900ms	0.0	521.271900ms	100	521.271900ms	0.0	13.436900ms	32	13.436900ms	7.197468493865683E-6	13.436900ms	32	13.436900ms	7.197468493865683E-6	
1384	680886	561	4731307	1413	75	199666.0	58	294828.0	46	298952.0	34	367268.0	44	329854.0	1.7976931348623157E308	0.0	478.221100ms	1100	478.221100ms	0.0	478.221100ms	1100	478.221100ms	0.0	416.049ms	100	416.049ms	0.0	38.952500ms	213	38.952500ms	2.5863365579552535E-7	38.952500ms	213	38.952500ms	2.5863365579552535E-7	
1385	681444	558	4732549	1242	75	199649.0	58	294828.0	46	298952.0	34	367268.0	44	329854.0	1.7976931348623157E308	0.0	481.955400ms	1100	481.955400ms	0.0	481.955400ms	1100	481.955400ms	0.0	463.065400ms	100	463.065400ms	0.0	26.643200ms	42	26.643200ms	2.0271949393579902E-6	26.643200ms	42	26.643200ms	2.0271949393579902E-6	
1386	681980	535	4733870	1321	75	199498.0	58	294828.0	46	298952.0	34	367268.0	44	329854.0	1.7976931348623157E308	0.0	468.463100ms	1100	468.463100ms	0.0	468.463100ms	1100	468.463100ms	0.0	399.288300ms	100	399.288300ms	0.0	22.705300ms	122	22.705300ms	6.199404545140548E-6	22.705300ms	122	22.705300ms	6.199404545140548E-6	
1387	682705	725	4735285	1415	75	199481.0	58	294828.0	46	298952.0	34	367268.0	44	329854.0	1.7976931348623157E308	0.0	636.870300ms	1100	636.870300ms	0.0	636.870300ms	1100	636.870300ms	0.0	387.325900ms	100	387.325900ms	0.0	45.886400ms	215	45.886400ms	3.963436597953765E-7	45.886400ms	215	45.886400ms	3.963436597953765E-7	
1388	683194	488	4736497	1212	75	199447.0	58	294828.0	46	298952.0	34	367268.0	44	329854.0	1.7976931348623157E308	0.0	426.882600ms	1100	426.882600ms	0.0	426.882600ms	1100	426.882600ms	0.0	385.949500ms	100	385.949500ms	1.9935344827586187E-4	20.164700ms	12	20.164700ms	1.4203524813553395E-5	20.164700ms	12	20.164700ms	1.4203524813553395E-5	
1389	683658	464	4737782	1285	75	199427.0	58	294828.0	46	298952.0	34	367268.0	44	329854.0	1.7976931348623157E308	0.0	394.496900ms	1100	394.496900ms	0.0	394.496900ms	1100	394.496900ms	0.0	406.432300ms	100	406.432300ms	0.0	28.565700ms	85	28.565700ms	1.1797325487329565E-6	28.565700ms	85	28.565700ms	1.1797325487329565E-6	
1390	684122	464	4738995	1213	75	199371.0	58	294828.0	46	298952.0	34	367268.0	44	329854.0	1.7976931348623157E308	0.0	408.424ms	1100	408.424ms	0.0	408.424ms	1100	408.424ms	0.0	412.023600ms	100	412.023600ms	0.0	12.073100ms	13	12.073100ms	2.160034653127145E-5	12.073100ms	13	12.073100ms	2.160034653127145E-5	
1391	684573	451	4740324	1329	75	199224.0	58	294828.0	46	298952.0	34	367268.0	44	329854.0	1.7976931348623157E308	0.0	383.911400ms	1100	383.911400ms	0.0	383.911400ms	1100	383.911400ms	0.0	432.779200ms	100	432.779200ms	0.0	21.252600ms	129	21.252600ms	5.715650138289479E-6	21.252600ms	129	21.252600ms	5.715650138289479E-6	
1392	684984	410	4741529	1205	75	199178.0	58	294828.0	46	298952.0	34	367268.0	44	329854.0	1.7976931348623157E308	0.0	351.515100ms	1100	351.515100ms	0.0	351.515100ms	1100	351.515100ms	0.0	467.756600ms	100	467.756600ms	4.278008002286393E-5	10.516600ms	6	10.516600ms	3.8482645999815546E-5	10.516600ms	6	10.516600ms	3.8482645999815546E-5	
1393	685584	599	4744730	3201	75	199178.0	58	294828.0	46	298952.0	34	367268.0	44	329854.0	1.7976931348623157E308	0.0	342.303ms	1100	342.303ms	0.0	342.303ms	1100	342.303ms	0.0	385.719ms	100	385.719ms	0.0	217.244400ms	2001	217.244400ms	0.0	217.244400ms	2001	217.244400ms	0.0	
1394	686209	625	4747931	3201	75	199178.0	58	294828.0	46	298952.0	34	367268.0	44	329854.0	1.7976931348623157E308	0.0	348.822900ms	1100	348.822900ms	0.0	348.822900ms	1100	348.822900ms	0.0	415.628ms	100	415.628ms	0.0	232.800700ms	2001	232.800700ms	0.0	232.800700ms	2001	232.800700ms	0.0	
1395	686842	632	4751132	3201	75	199178.0	58	294828.0	46	298952.0	34	367268.0	44	329854.0	1.7976931348623157E308	0.0	374.229100ms	1100	374.229100ms	0.0	374.229100ms	1100	374.229100ms	0.0	400.595300ms	100	400.595300ms	0.0	216.370100ms	2001	216.370100ms	0.0	216.370100ms	2001	216.370100ms	0.0	
1396	687388	546	4753772	2640	75	199176.0	58	294828.0	46	298952.0	34	367268.0	44	329854.0	1.7976931348623157E308	0.0	366.276700ms	1100	366.276700ms	0.0	366.276700ms	1100	366.276700ms	0.0	368.605500ms	100	368.605500ms	0.0	139.975200ms	1440	139.975200ms	6.973103901473469E-9	139.975200ms	1440	139.975200ms	6.973103901473469E-9	
1397	687805	416	4755071	1299	75	199143.0	58	294828.0	46	298952.0	34	367268.0	44	329854.0	1.7976931348623157E308	0.0	351.953900ms	1100	351.953900ms	0.0	351.953900ms	1100	351.953900ms	0.0	418.860600ms	100	418.860600ms	0.0	18.465100ms	99	18.465100ms	1.6735617410397824E-6	18.465100ms	99	18.465100ms	1.6735617410397824E-6	
1398	688385	580	4758272	3201	75	199143.0	58	294828.0	46	298952.0	34	367268.0	44	329854.0	1.7976931348623157E308	0.0	366.981800ms	1100	366.981800ms	0.0	366.981800ms	1100	366.981800ms	0.0	370.785800ms	100	370.785800ms	0.0	173.276100ms	2001	173.276100ms	0.0	173.276100ms	2001	173.276100ms	0.0	
1399	689009	624	4761473	3201	75	199143.0	58	294828.0	46	298952.0	34	367268.0	44	329854.0	1.7976931348623157E308	0.0	355.290100ms	1100	355.290100ms	0.0	355.290100ms	1100	355.290100ms	0.0	370.745200ms	100	370.745200ms	0.0	229.617200ms	2001	229.617200ms	0.0	229.617200ms	2001	229.617200ms	0.0	
1400	689584	574	4764674	3201	75	199143.0	58	294828.0	46	298952.0	34	367268.0	44	329854.0	1.7976931348623157E308	0.0	350.178ms	1100	350.178ms	0.0	350.178ms	1100	350.178ms	0.0	387.649600ms	100	387.649600ms	0.0	184.311200ms	2001	184.311200ms	0.0	184.311200ms	2001	184.311200ms	0.0	
1401	690241	657	4767875	3201	75	199143.0	58	294828.0	46	298952.0	34	367268.0	44	329854.0	1.7976931348623157E308	0.0	429.432700ms	1100	429.432700ms	0.0	429.432700ms	1100	429.432700ms	0.0	398.344100ms	100	398.344100ms	0.0	187.286300ms	2001	187.286300ms	0.0	187.286300ms	2001	187.286300ms	0.0	
1402	690852	610	4771076	3201	75	199143.0	58	294828.0	46	298952.0	34	367268.0	44	329854.0	1.7976931348623157E308	0.0	353.270300ms	1100	353.270300ms	0.0	353.270300ms	1100	353.270300ms	0.0	374.157200ms	100	374.157200ms	0.0	217.383500ms	2001	217.383500ms	0.0	217.383500ms	2001	217.383500ms	0.0	
1403	691398	545	4773951	2875	75	199091.0	58	294828.0	46	298952.0	34	367268.0	44	329854.0	1.7976931348623157E308	0.0	353.778100ms	1100	353.778100ms	0.0	353.778100ms	1100	353.778100ms	0.0	407.561ms	100	407.561ms	0.0	149.958300ms	1675	149.958300ms	1.5589187729121568E-7	149.958300ms	1675	149.958300ms	1.5589187729121568E-7	
1404	691848	450	4775370	1419	75	199066.0	58	294828.0	46	298952.0	34	367268.0	44	329854.0	1.7976931348623157E308	0.0	361.646ms	1100	361.646ms	0.0	361.646ms	1100	361.646ms	0.0	370.278700ms	100	370.278700ms	0.0	48.268500ms	219	48.268500ms	5.733822781621022E-7	48.268500ms	219	48.268500ms	5.733822781621022E-7	
1405	692437	589	4778571	3201	75	199066.0	58	294828.0	46	298952.0	34	367268.0	44	329854.0	1.7976931348623157E308	0.0	353.399400ms	1100	353.399400ms	0.0	353.399400ms	1100	353.399400ms	0.0	384.326300ms	100	384.326300ms	0.0	195.036900ms	2001	195.036900ms	0.0	195.036900ms	2001	195.036900ms	0.0	
1406	692924	487	4780058	1487	75	198987.0	58	294828.0	46	298952.0	34	367268.0	44	329854.0	1.7976931348623157E308	0.0	392.431ms	1100	392.431ms	0.0	392.431ms	1100	392.431ms	0.0	456.670500ms	100	456.670500ms	0.0	44.477100ms	287	44.477100ms	1.382764128689886E-6	44.477100ms	287	44.477100ms	1.382764128689886E-6	
1407	693336	412	4781330	1272	75	198940.0	58	294828.0	46	298952.0	34	367268.0	44	329854.0	1.7976931348623157E308	0.0	353.650900ms	1100	353.650900ms	0.0	353.650900ms	1100	353.650900ms	0.0	396.991100ms	100	396.991100ms	0.0	16.770400ms	72	16.770400ms	3.280504644915928E-6	16.770400ms	72	16.770400ms	3.280504644915928E-6	
1408	693847	510	4782665	1335	75	198573.0	58	294828.0	46	298952.0	34	367268.0	44	329854.0	1.7976931348623157E308	0.0	443.452100ms	1100	443.452100ms	0.0	443.452100ms	1100	443.452100ms	0.0	417.272700ms	100	417.272700ms	0.0	22.418ms	135	22.418ms	1.3665017183666166E-5	22.418ms	135	22.418ms	1.3665017183666166E-5	
1409	694263	415	4783917	1252	75	198463.0	58	294828.0	46	298952.0	34	367268.0	44	329854.0	1.7976931348623157E308	0.0	360.793600ms	1100	360.793600ms	0.0	360.793600ms	1100	360.793600ms	0.0	379.816500ms	100	379.816500ms	0.0	14.763900ms	52	14.763900ms	1.0652931744922554E-5	14.763900ms	52	14.763900ms	1.0652931744922554E-5	
1410	694699	436	4785120	1203	75	198364.0	58	294828.0	46	298952.0	34	367268.0	44	329854.0	1.7976931348623157E308	0.0	385.629800ms	1100	385.629800ms	0.0	385.629800ms	1100	385.629800ms	0.0	379.295ms	100	379.295ms	0.0	10.778600ms	4	10.778600ms	1.2470838393049966E-4	10.778600ms	4	10.778600ms	1.2470838393049966E-4	
1411	695111	412	4786421	1301	75	198359.0	58	294828.0	46	298952.0	34	367268.0	44	329854.0	1.7976931348623157E308	0.0	343.527800ms	1100	343.527800ms	0.0	343.527800ms	1100	343.527800ms	0.0	381.240600ms	100	381.240600ms	0.0	28.452200ms	101	28.452200ms	2.495662040237311E-7	28.452200ms	101	28.452200ms	2.495662040237311E-7	
1412	695562	450	4788036	1615	75	198357.0	58	294828.0	46	298952.0	34	367268.0	44	329854.0	1.7976931348623157E308	0.0	355.513800ms	1100	355.513800ms	0.0	355.513800ms	1100	355.513800ms	0.0	372.942200ms	100	372.942200ms	0.0	55.051600ms	415	55.051600ms	2.429573202354969E-8	55.051600ms	415	55.051600ms	2.429573202354969E-8	
1413	696006	444	4789438	1402	75	198275.0	58	294828.0	46	298952.0	34	367268.0	44	329854.0	1.7976931348623157E308	0.0	376.603400ms	1100	376.603400ms	0.0	376.603400ms	1100	376.603400ms	0.0	380.451400ms	100	380.451400ms	0.0	26.821300ms	202	26.821300ms	2.046515091775935E-6	26.821300ms	202	26.821300ms	2.046515091775935E-6	
1414	696632	625	4791584	2146	75	198273.0	58	294828.0	46	298952.0	34	367268.0	84	329789.0	1.7976931348623157E308	0.0	456.939700ms	1100	456.939700ms	0.0	456.939700ms	1100	456.939700ms	0.0	357.482200ms	100	357.482200ms	5.647380500714305E-4	130.821700ms	946	130.821700ms	1.0662791097569196E-8	130.821700ms	946	130.821700ms	1.0662791097569196E-8	
1415	697267	634	4794785	3201	75	198273.0	58	294828.0	46	298952.0	34	367268.0	84	329789.0	1.7976931348623157E308	0.0	387.023600ms	1100	387.023600ms	0.0	387.023600ms	1100	387.023600ms	0.0	367.435600ms	100	367.435600ms	1.335513129685273E-4	208.09ms	2001	208.09ms	0.0	208.09ms	2001	208.09ms	0.0	
1416	697885	618	4797986	3201	75	198273.0	58	294828.0	46	298952.0	34	367268.0	84	329789.0	1.7976931348623157E308	0.0	353.806800ms	1100	353.806800ms	0.0	353.806800ms	1100	353.806800ms	0.0	394.394500ms	100	394.394500ms	0.0	223.532ms	2001	223.532ms	0.0	223.532ms	2001	223.532ms	0.0	
1417	698486	601	4800338	2352	75	197945.0	58	294828.0	46	298952.0	34	367268.0	84	329789.0	1.7976931348623157E308	0.0	357.071900ms	1100	357.071900ms	0.0	357.071900ms	1100	357.071900ms	0.0	372.153500ms	100	372.153500ms	0.0	204.552500ms	1152	204.552500ms	1.4360110666717986E-6	204.552500ms	1152	204.552500ms	1.4360110666717986E-6	
1418	698922	435	4801792	1454	75	197897.0	58	294828.0	46	298952.0	34	367268.0	56	329434.0	1.7976931348623157E308	0.0	350.816800ms	1100	350.816800ms	0.0	350.816800ms	1100	350.816800ms	0.0	402.566700ms	100	402.566700ms	7.129824098847403E-4	43.380400ms	254	43.380400ms	9.54691343316445E-7	43.380400ms	254	43.380400ms	9.54691343316445E-7	
1419	699425	503	4804005	2213	75	197892.0	58	294828.0	46	298952.0	34	367268.0	56	329434.0	1.7976931348623157E308	0.0	348.880500ms	1100	348.880500ms	0.0	348.880500ms	1100	348.880500ms	0.0	459.818100ms	100	459.818100ms	0.0	105.349700ms	1013	105.349700ms	2.4941429915458558E-8	105.349700ms	1013	105.349700ms	2.4941429915458558E-8	
1420	699908	483	4805300	1295	75	197874.0	58	294828.0	46	298952.0	34	367268.0	56	329434.0	1.7976931348623157E308	0.0	424.534900ms	1100	424.534900ms	0.0	424.534900ms	1100	424.534900ms	0.0	382.419800ms	100	382.419800ms	0.0	18.188200ms	95	18.188200ms	9.574600499796584E-7	18.188200ms	95	18.188200ms	9.574600499796584E-7	
1421	700518	610	4808501	3201	75	197874.0	58	294828.0	46	298952.0	34	367268.0	56	329434.0	1.7976931348623157E308	0.0	369.247200ms	1100	369.247200ms	0.0	369.247200ms	1100	369.247200ms	0.0	374.513200ms	100	374.513200ms	0.0	200.663ms	2001	200.663ms	0.0	200.663ms	2001	200.663ms	0.0	
1422	701108	589	4811558	3057	75	197725.0	58	294828.0	46	298952.0	34	367268.0	56	329434.0	1.7976931348623157E308	0.0	343.638100ms	1100	343.638100ms	0.0	343.638100ms	1100	343.638100ms	0.0	382.363200ms	100	382.363200ms	0.0	205.038100ms	1857	205.038100ms	4.054951196376316E-7	205.038100ms	1857	205.038100ms	4.054951196376316E-7	
1423	701591	483	4813654	2096	75	197659.0	58	294828.0	46	298952.0	34	367268.0	56	329434.0	1.7976931348623157E308	0.0	359.083600ms	1100	359.083600ms	0.0	359.083600ms	1100	359.083600ms	0.0	376.528ms	100	376.528ms	0.0	84.806400ms	896	84.806400ms	3.7254122789592933E-7	84.806400ms	896	84.806400ms	3.7254122789592933E-7	
1424	702007	415	4814870	1216	75	197653.0	58	294828.0	46	298952.0	34	367268.0	56	329434.0	1.7976931348623157E308	0.0	360.947900ms	1100	360.947900ms	0.0	360.947900ms	1100	360.947900ms	0.0	404.708ms	100	404.708ms	0.0	12.137ms	16	12.137ms	1.897206805663576E-6	12.137ms	16	12.137ms	1.897206805663576E-6	
1425	702440	433	4816463	1593	75	197521.0	58	294828.0	46	298952.0	34	367268.0	56	329434.0	1.7976931348623157E308	0.0	346.179500ms	1100	346.179500ms	0.0	346.179500ms	1100	346.179500ms	0.0	406.963400ms	100	406.963400ms	0.0	44.881400ms	393	44.881400ms	1.6993309618139785E-6	44.881400ms	393	44.881400ms	1.6993309618139785E-6	
1426	702885	444	4817750	1287	75	197409.0	58	294828.0	46	298952.0	34	367268.0	56	329434.0	1.7976931348623157E308	0.0	386.323ms	1100	386.323ms	0.0	386.323ms	1100	386.323ms	0.0	382.894300ms	100	382.894300ms	0.0	18.149600ms	88	18.149600ms	6.443503590642587E-6	18.149600ms	88	18.149600ms	6.443503590642587E-6	
1427	703328	443	4819372	1622	75	197406.0	58	294828.0	46	298952.0	34	367268.0	56	329434.0	1.7976931348623157E308	0.0	346.107100ms	1100	346.107100ms	0.0	346.107100ms	1100	346.107100ms	0.0	376.269500ms	100	376.269500ms	0.0	56.780100ms	422	56.780100ms	3.6011553370681124E-8	56.780100ms	422	56.780100ms	3.6011553370681124E-8	
1428	704009	681	4822573	3201	75	197406.0	58	294828.0	46	298952.0	34	367268.0	56	329434.0	1.7976931348623157E308	0.0	454.775500ms	1100	454.775500ms	0.0	454.775500ms	1100	454.775500ms	0.0	371.953300ms	100	371.953300ms	0.0	186.376700ms	2001	186.376700ms	0.0	186.376700ms	2001	186.376700ms	0.0	
1429	704589	580	4825774	3201	75	197406.0	58	294828.0	46	298952.0	34	367268.0	56	329434.0	1.7976931348623157E308	0.0	360.517400ms	1100	360.517400ms	0.0	360.517400ms	1100	360.517400ms	0.0	383.013300ms	100	383.013300ms	0.0	178.790400ms	2001	178.790400ms	0.0	178.790400ms	2001	178.790400ms	0.0	
1430	705222	632	4828975	3201	75	197406.0	58	294828.0	46	298952.0	34	367268.0	56	329434.0	1.7976931348623157E308	0.0	372.694400ms	1100	372.694400ms	0.0	372.694400ms	1100	372.694400ms	0.0	413.335800ms	100	413.335800ms	0.0	216.949900ms	2001	216.949900ms	0.0	216.949900ms	2001	216.949900ms	0.0	
1431	705873	651	4832176	3201	75	197406.0	58	294828.0	46	298952.0	34	367268.0	56	329434.0	1.7976931348623157E308	0.0	340.638500ms	1100	340.638500ms	0.0	340.638500ms	1100	340.638500ms	0.0	375.580800ms	100	375.580800ms	0.0	270.929200ms	2001	270.929200ms	0.0	270.929200ms	2001	270.929200ms	0.0	
1432	706414	540	4834907	2731	75	197387.0	58	294828.0	46	298952.0	34	367268.0	56	329434.0	1.7976931348623157E308	0.0	362.094200ms	1100	362.094200ms	0.0	362.094200ms	1100	362.094200ms	0.0	381.919200ms	100	381.919200ms	0.0	137.653300ms	1531	137.653300ms	6.286632330668908E-8	137.653300ms	1531	137.653300ms	6.286632330668908E-8	
1433	706945	531	4837156	2249	75	197367.0	58	294828.0	46	298952.0	34	367268.0	56	329434.0	1.7976931348623157E308	0.0	382.728900ms	1100	382.728900ms	0.0	382.728900ms	1100	382.728900ms	0.0	384.098900ms	100	384.098900ms	0.0	108.471700ms	1049	108.471700ms	9.659084402930693E-8	108.471700ms	1049	108.471700ms	9.659084402930693E-8	
1434	707505	560	4839110	1954	75	197325.0	58	294828.0	46	298952.0	34	367268.0	56	329434.0	1.7976931348623157E308	0.0	405.208300ms	1100	405.208300ms	0.0	405.208300ms	1100	405.208300ms	0.0	384.412400ms	100	384.412400ms	0.0	114.401300ms	754	114.401300ms	2.822301487679969E-7	114.401300ms	754	114.401300ms	2.822301487679969E-7	
1435	708038	532	4841032	1922	75	197189.0	58	294828.0	46	298952.0	34	367268.0	56	329434.0	1.7976931348623157E308	0.0	403.622400ms	1100	403.622400ms	0.0	403.622400ms	1100	403.622400ms	0.0	378.853400ms	100	378.853400ms	0.0	86.813500ms	722	86.813500ms	9.545959760269873E-7	86.813500ms	722	86.813500ms	9.545959760269873E-7	
1436	708513	475	4842604	1572	75	197138.0	58	294828.0	46	298952.0	34	367268.0	56	329434.0	1.7976931348623157E308	0.0	370.606400ms	1100	370.606400ms	0.0	370.606400ms	1100	370.606400ms	0.0	368.498ms	100	368.498ms	0.0	65.301600ms	372	65.301600ms	6.952556896863484E-7	65.301600ms	372	65.301600ms	6.952556896863484E-7	
1437	709132	619	4845805	3201	75	197138.0	58	294828.0	46	298952.0	34	367268.0	56	329434.0	1.7976931348623157E308	0.0	353.354900ms	1100	353.354900ms	0.0	353.354900ms	1100	353.354900ms	0.0	365.963300ms	100	365.963300ms	0.0	225.984ms	2001	225.984ms	0.0	225.984ms	2001	225.984ms	0.0	
1438	709551	418	4847107	1302	75	197136.0	58	294828.0	46	298952.0	34	367268.0	56	329434.0	1.7976931348623157E308	0.0	358.357800ms	1100	358.357800ms	0.0	358.357800ms	1100	358.357800ms	0.0	382.835500ms	100	382.835500ms	0.0	19.082900ms	102	19.082900ms	9.94625244105205E-8	19.082900ms	102	19.082900ms	9.94625244105205E-8	
1439	710040	489	4849185	2078	75	197052.0	58	294828.0	46	298952.0	34	367268.0	56	329434.0	1.7976931348623157E308	0.0	360.681500ms	1100	360.681500ms	0.0	360.681500ms	1100	360.681500ms	0.0	400.617600ms	100	400.617600ms	2.9775739131197463E-4	86.866900ms	878	86.866900ms	4.853095415184163E-7	86.866900ms	878	86.866900ms	4.853095415184163E-7	
1440	710515	475	4850737	1552	75	197046.0	58	294828.0	46	298952.0	34	367268.0	56	329434.0	1.7976931348623157E308	0.0	373.878200ms	1100	373.878200ms	0.0	373.878200ms	1100	373.878200ms	0.0	388.613300ms	100	388.613300ms	0.0	60.311900ms	352	60.311900ms	8.65023168779541E-8	60.311900ms	352	60.311900ms	8.65023168779541E-8	
1441	710933	418	4852082	1345	75	196996.0	58	294828.0	46	298952.0	34	367268.0	56	329434.0	1.7976931348623157E308	0.0	349.212200ms	1100	349.212200ms	0.0	349.212200ms	1100	349.212200ms	0.0	411.724500ms	100	411.724500ms	0.0	22.573ms	146	22.573ms	1.7379990125387326E-6	22.573ms	146	22.573ms	1.7379990125387326E-6	
1442	711391	457	4853667	1585	75	196973.0	58	294828.0	46	298952.0	34	367268.0	56	329434.0	1.7976931348623157E308	0.0	352.755800ms	1100	352.755800ms	0.0	352.755800ms	1100	352.755800ms	0.0	380.358300ms	100	380.358300ms	0.0	65.007ms	385	65.007ms	3.0325620692931995E-7	65.007ms	385	65.007ms	3.0325620692931995E-7	
1443	711803	412	4855044	1377	75	196942.0	58	294828.0	46	298952.0	34	367268.0	56	329434.0	1.7976931348623157E308	0.0	344.678300ms	1100	344.678300ms	0.0	344.678300ms	1100	344.678300ms	0.0	400.111200ms	100	400.111200ms	0.0	25.294700ms	177	25.294700ms	8.891637074008938E-7	25.294700ms	177	25.294700ms	8.891637074008938E-7	
1444	712390	586	4857950	2906	75	196930.0	58	294828.0	46	298952.0	34	367268.0	56	329434.0	1.7976931348623157E308	0.0	353.111600ms	1100	353.111600ms	0.0	353.111600ms	1100	353.111600ms	0.0	367.818900ms	100	367.818900ms	0.0	193.710600ms	1706	193.710600ms	3.5716087250745004E-8	193.710600ms	1706	193.710600ms	3.5716087250745004E-8	
1445	712799	409	4859278	1328	75	196923.0	58	294828.0	5	296492.0	34	367268.0	56	329434.0	1.7976931348623157E308	0.0	342.673600ms	1100	342.673600ms	0.0	342.673600ms	1100	342.673600ms	0.0	387.960600ms	100	387.960600ms	0.0010511180560186495	26.499100ms	128	26.499100ms	2.7770019804009005E-7	26.499100ms	128	26.499100ms	2.7770019804009005E-7	
1446	713208	408	4860513	1235	75	196887.0	58	294828.0	5	296492.0	34	367268.0	56	329434.0	1.7976931348623157E308	0.0	353.770900ms	1100	353.770900ms	0.0	353.770900ms	1100	353.770900ms	0.0	386.740100ms	100	386.740100ms	0.0	13.396400ms	35	13.396400ms	5.223216326033508E-6	13.396400ms	35	13.396400ms	5.223216326033508E-6	
1447	713781	572	4863714	3201	75	196887.0	58	294828.0	5	296492.0	34	367268.0	56	329434.0	1.7976931348623157E308	0.0	351.617900ms	1100	351.617900ms	0.0	351.617900ms	1100	351.617900ms	0.0	376.664500ms	100	376.664500ms	0.0	180.235600ms	2001	180.235600ms	0.0	180.235600ms	2001	180.235600ms	0.0	
1448	714295	514	4865866	2152	75	196847.0	58	294828.0	5	296492.0	34	367268.0	56	329434.0	1.7976931348623157E308	0.0	363.718900ms	1100	363.718900ms	1.2929292929296887E-7	363.718900ms	1100	363.718900ms	1.2929292929296887E-7	374.013600ms	100	374.013600ms	0.0	110.439300ms	952	110.439300ms	6.402170796853908E-8	110.439300ms	952	110.439300ms	6.402170796853908E-8	
1449	714685	389	4867066	1200	75	196847.0	58	294828.0	5	296492.0	34	367268.0	2	329364.0	1.7976931348623157E308	0.0	348.105600ms	1100	348.105600ms	0.0	348.105600ms	1100	348.105600ms	0.0	388.321900ms	100	388.321900ms	1.427837699024137E-4	0s	0	0s	0.0	0s	0	0s	0.0	
1450	715131	445	4868525	1459	75	196818.0	58	294828.0	5	296492.0	34	367268.0	2	329364.0	1.7976931348623157E308	0.0	362.997200ms	1100	362.997200ms	0.0	362.997200ms	1100	362.997200ms	0.0	383.162900ms	100	383.162900ms	0.0	41.511900ms	259	41.511900ms	5.688128951375364E-7	41.511900ms	259	41.511900ms	5.688128951375364E-7	
1451	715658	527	4870777	2252	75	196815.0	58	294828.0	5	296492.0	34	367268.0	2	329364.0	1.7976931348623157E308	0.0	357.682ms	1100	357.682ms	0.0	357.682ms	1100	357.682ms	0.0	381.070100ms	100	381.070100ms	0.0	128.799ms	1052	128.799ms	1.448907633764309E-8	128.799ms	1052	128.799ms	1.448907633764309E-8	
1452	716100	441	4872415	1638	75	196810.0	58	294828.0	5	296492.0	34	367268.0	2	329364.0	1.7976931348623157E308	0.0	342.833700ms	1100	342.833700ms	0.0	342.833700ms	1100	342.833700ms	0.0	371.422200ms	100	371.422200ms	0.0	57.757100ms	438	57.757100ms	5.8001296212898515E-8	57.757100ms	438	57.757100ms	5.8001296212898515E-8	
1453	716518	418	4873877	1462	75	196788.0	58	294828.0	5	296492.0	34	367268.0	2	329364.0	1.7976931348623157E308	0.0	343.335900ms	1100	343.335900ms	0.0	343.335900ms	1100	343.335900ms	0.0	373.171300ms	100	373.171300ms	0.0	34.382300ms	262	34.382300ms	4.266524345757666E-7	34.382300ms	262	34.382300ms	4.266524345757666E-7	
1454	716963	445	4875082	1205	75	196745.0	58	294828.0	5	296492.0	34	367268.0	2	329364.0	1.7976931348623157E308	0.0	390.063800ms	1100	390.063800ms	0.0	390.063800ms	1100	390.063800ms	0.0	406.961600ms	100	406.961600ms	0.0	10.913200ms	5	10.913200ms	4.3701851738919825E-5	10.913200ms	5	10.913200ms	4.3701851738919825E-5	
1455	717385	421	4876424	1342	75	196713.0	58	294828.0	5	296492.0	34	367268.0	2	329364.0	1.7976931348623157E308	0.0	360.081500ms	1100	360.081500ms	0.0	360.081500ms	1100	360.081500ms	0.0	367.743500ms	100	367.743500ms	0.0	22.048900ms	142	22.048900ms	1.1454019806144149E-6	22.048900ms	142	22.048900ms	1.1454019806144149E-6	
1456	717825	440	4877738	1314	75	196702.0	58	294828.0	5	296492.0	34	367268.0	21	328940.0	1.7976931348623157E308	0.0	380.540600ms	1100	380.540600ms	0.0	380.540600ms	1100	380.540600ms	0.0	372.022200ms	100	372.022200ms	8.058707167637702E-4	19.729200ms	114	19.729200ms	4.90517800400187E-7	19.729200ms	114	19.729200ms	4.90517800400187E-7	
1457	718431	605	4880939	3201	75	196702.0	58	294828.0	5	296492.0	34	367268.0	21	328940.0	1.7976931348623157E308	0.0	385.889ms	1100	385.889ms	0.0	385.889ms	1100	385.889ms	0.0	401.761900ms	100	401.761900ms	0.0	177.281900ms	2001	177.281900ms	0.0	177.281900ms	2001	177.281900ms	0.0	
1458	719062	631	4884140	3201	75	196702.0	58	294828.0	5	296492.0	34	367268.0	21	328940.0	1.7976931348623157E308	0.0	372.956500ms	1100	372.956500ms	0.0	372.956500ms	1100	372.956500ms	0.0	400.369500ms	100	400.369500ms	0.0	217.280400ms	2001	217.280400ms	0.0	217.280400ms	2001	217.280400ms	0.0	
1459	719679	617	4886646	2506	75	196604.0	58	294828.0	5	296492.0	34	367268.0	21	328940.0	1.7976931348623157E308	0.0	436.953300ms	1100	436.953300ms	4.021074125959423E-7	436.953300ms	1100	436.953300ms	4.021074125959423E-7	381.046700ms	100	381.046700ms	0.0	139.433800ms	1306	139.433800ms	4.2819415282007064E-8	139.433800ms	1306	139.433800ms	4.2819415282007064E-8	
1460	720074	395	4887846	1200	75	196604.0	58	294828.0	5	296492.0	34	367268.0	21	328940.0	1.7976931348623157E308	0.0	355.089700ms	1100	355.089700ms	0.0	355.089700ms	1100	355.089700ms	0.0	372.628500ms	100	372.628500ms	0.0	0s	0	0s	0.0	0s	0	0s	0.0	
1461	720516	441	4889361	1515	75	196561.0	58	294828.0	5	296492.0	34	367268.0	21	328940.0	1.7976931348623157E308	0.0	360.395700ms	1100	360.395700ms	1.75715311601099E-7	360.395700ms	1100	360.395700ms	1.75715311601099E-7	380.239900ms	100	380.239900ms	0.0	40.474100ms	315	40.474100ms	8.073597624168823E-8	40.474100ms	315	40.474100ms	8.073597624168823E-8	
1462	720912	395	4890561	1200	75	196561.0	58	294828.0	5	296492.0	34	367268.0	21	328940.0	1.7976931348623157E308	0.0	354.971700ms	1100	354.971700ms	0.0	354.971700ms	1100	354.971700ms	0.0	379.070400ms	100	379.070400ms	0.0	0s	0	0s	0.0	0s	0	0s	0.0	
1463	721321	409	4891790	1229	75	196527.0	58	294828.0	5	296492.0	34	367268.0	21	328940.0	1.7976931348623157E308	0.0	355.466900ms	1100	355.466900ms	0.0	355.466900ms	1100	355.466900ms	0.0	386.579100ms	100	386.579100ms	0.0	12.177800ms	29	12.177800ms	5.96463079198576E-6	12.177800ms	29	12.177800ms	5.96463079198576E-6	
1464	721771	450	4893141	1351	75	196489.0	58	294828.0	5	296492.0	34	367268.0	21	328940.0	1.7976931348623157E308	0.0	386.856300ms	1100	386.856300ms	0.0	386.856300ms	1100	386.856300ms	0.0	360.288400ms	100	360.288400ms	0.0	22.750400ms	151	22.750400ms	1.2805142760997491E-6	22.750400ms	151	22.750400ms	1.2805142760997491E-6	
1465	722396	624	4896342	3201	75	196489.0	58	294828.0	5	296492.0	34	367268.0	21	328940.0	1.7976931348623157E308	0.0	375.225800ms	1100	375.225800ms	0.0	375.225800ms	1100	375.225800ms	0.0	405.659500ms	100	405.659500ms	0.0	208.689400ms	2001	208.689400ms	0.0	208.689400ms	2001	208.689400ms	0.0	
1466	722844	447	4897786	1444	75	196353.0	58	294828.0	5	296492.0	34	367268.0	21	328940.0	1.7976931348623157E308	0.0	375.551800ms	1100	375.551800ms	0.0	375.551800ms	1100	375.551800ms	0.0	371.697200ms	100	371.697200ms	0.0	31.075500ms	244	31.075500ms	2.836683219825573E-6	31.075500ms	244	31.075500ms	2.836683219825573E-6	
1467	723288	444	4899280	1494	75	196247.0	58	294828.0	5	296492.0	34	367268.0	21	328940.0	1.7976931348623157E308	0.0	358.714800ms	1100	358.714800ms	0.0	358.714800ms	1100	358.714800ms	0.0	371.478900ms	100	371.478900ms	0.0	44.796800ms	294	44.796800ms	1.8362042733600896E-6	44.796800ms	294	44.796800ms	1.8362042733600896E-6	
1468	723717	428	4900646	1366	75	196204.0	58	294828.0	5	296492.0	34	367268.0	21	328940.0	1.7976931348623157E308	0.0	364.404100ms	1100	364.404100ms	0.0	364.404100ms	1100	364.404100ms	0.0	388.608300ms	100	388.608300ms	0.0	24.169200ms	166	24.169200ms	1.319949576698023E-6	24.169200ms	166	24.169200ms	1.319949576698023E-6	
1469	724223	506	4903212	2566	75	196201.0	58	294828.0	5	296492.0	34	367268.0	21	328940.0	1.7976931348623157E308	0.0	342.695700ms	1100	342.695700ms	0.0	342.695700ms	1100	342.695700ms	0.0	379.078500ms	100	379.078500ms	0.0	122.171600ms	1366	122.171600ms	1.1193417387057115E-8	122.171600ms	1366	122.171600ms	1.1193417387057115E-8	
1470	724625	402	4904464	1252	75	196199.0	58	294828.0	5	296492.0	34	367268.0	21	328940.0	1.7976931348623157E308	0.0	346.735ms	1100	346.735ms	0.0	346.735ms	1100	346.735ms	0.0	384.543500ms	100	384.543500ms	0.0	14.472700ms	52	14.472700ms	1.9603130698409875E-7	14.472700ms	52	14.472700ms	1.9603130698409875E-7	
1471	725225	600	4907665	3201	75	196199.0	58	294828.0	5	296492.0	34	367268.0	21	328940.0	1.7976931348623157E308	0.0	340.255400ms	1100	340.255400ms	0.0	340.255400ms	1100	340.255400ms	0.0	388.908ms	100	388.908ms	0.0	218.721500ms	2001	218.721500ms	0.0	218.721500ms	2001	218.721500ms	0.0	
1472	725818	592	4910866	3201	75	196199.0	58	294828.0	5	296492.0	34	367268.0	21	328940.0	1.7976931348623157E308	0.0	346.028100ms	1100	346.028100ms	0.0	346.028100ms	1100	346.028100ms	0.0	394.784400ms	100	394.784400ms	0.0	205.383300ms	2001	205.383300ms	0.0	205.383300ms	2001	205.383300ms	0.0	
1473	726291	472	4912346	1480	75	196185.0	58	294828.0	5	296492.0	34	367268.0	21	328940.0	1.7976931348623157E308	0.0	367.474ms	1100	367.474ms	0.0	367.474ms	1100	367.474ms	0.0	377.205400ms	100	377.205400ms	0.0	65.076700ms	280	65.076700ms	2.54843296856877E-7	65.076700ms	280	65.076700ms	2.54843296856877E-7	
1474	726725	434	4913618	1272	75	196171.0	58	294828.0	5	296492.0	34	367268.0	21	328940.0	1.7976931348623157E308	0.0	374.432500ms	1100	374.432500ms	0.0	374.432500ms	1100	374.432500ms	0.0	415.383300ms	100	415.383300ms	0.0	16.191100ms	72	16.191100ms	9.911279886053942E-7	16.191100ms	72	16.191100ms	9.911279886053942E-7	
1475	727365	639	4916819	3201	75	196171.0	58	294828.0	5	296492.0	34	367268.0	21	328940.0	1.7976931348623157E308	0.0	361.124600ms	1100	361.124600ms	0.0	361.124600ms	1100	361.124600ms	0.0	394.432400ms	100	394.432400ms	0.0	237.489600ms	2001	237.489600ms	0.0	237.489600ms	2001	237.489600ms	0.0	
1476	727981	616	4920019	3200	75	196171.0	58	294828.0	5	296492.0	34	367268.0	21	328940.0	1.7976931348623157E308	0.0	355.543100ms	1100	355.543100ms	0.0	355.543100ms	1100	355.543100ms	0.0	368.456500ms	100	368.456500ms	0.0	220.135200ms	2001	220.135200ms	0.0	220.135200ms	2001	220.135200ms	0.0	
1477	728580	598	4923220	3201	75	196171.0	58	294828.0	5	296492.0	34	367268.0	21	328940.0	1.7976931348623157E308	0.0	372.967500ms	1100	372.967500ms	0.0	372.967500ms	1100	372.967500ms	0.0	395.898ms	100	395.898ms	0.0	183.064500ms	2001	183.064500ms	0.0	183.064500ms	2001	183.064500ms	0.0	
1478	729172	591	4926421	3201	75	196171.0	58	294828.0	5	296492.0	34	367268.0	21	328940.0	1.7976931348623157E308	0.0	342.700700ms	1100	342.700700ms	0.0	342.700700ms	1100	342.700700ms	0.0	373.850800ms	100	373.850800ms	0.0	209.502100ms	2001	209.502100ms	0.0	209.502100ms	2001	209.502100ms	0.0	
1479	729604	432	4927900	1479	75	196142.0	58	294828.0	5	296492.0	34	367268.0	21	328940.0	1.7976931348623157E308	0.0	358.187700ms	1100	358.187700ms	0.0	358.187700ms	1100	358.187700ms	0.0	378.015200ms	100	378.015200ms	0.0	33.954ms	279	33.954ms	5.298573812120336E-7	33.954ms	279	33.954ms	5.298573812120336E-7	
1480	730206	601	4931101	3201	75	196142.0	58	294828.0	5	296492.0	34	367268.0	21	328940.0	1.7976931348623157E308	0.0	342.63ms	1100	342.63ms	0.0	342.63ms	1100	342.63ms	0.0	368.083ms	100	368.083ms	3.367608957157398E-4	219.161100ms	2001	219.161100ms	0.0	219.161100ms	2001	219.161100ms	0.0	
1481	730680	473	4932985	1884	75	196136.0	58	294828.0	5	296492.0	34	367268.0	21	328940.0	1.7976931348623157E308	0.0	354.955ms	1100	354.955ms	0.0	354.955ms	1100	354.955ms	0.0	391.754600ms	100	391.754600ms	2.398062410467705E-4	78.537400ms	684	78.537400ms	4.472234312169087E-8	78.537400ms	684	78.537400ms	4.472234312169087E-8	
1482	731267	587	4936186	3201	75	196136.0	58	294828.0	5	296492.0	34	367268.0	21	328940.0	1.7976931348623157E308	0.0	353.297500ms	1100	353.297500ms	0.0	353.297500ms	1100	353.297500ms	0.0	358.958ms	100	358.958ms	0.0	194.866400ms	2001	194.866400ms	0.0	194.866400ms	2001	194.866400ms	0.0	
1483	731905	638	4939387	3201	75	196136.0	58	294828.0	5	296492.0	34	367268.0	21	328940.0	1.7976931348623157E308	0.0	389.076200ms	1100	389.076200ms	0.0	389.076200ms	1100	389.076200ms	0.0	384.798ms	100	384.798ms	0.0	208.490600ms	2001	208.490600ms	0.0	208.490600ms	2001	208.490600ms	0.0	
1484	732398	493	4941279	1892	75	196133.0	58	294828.0	5	296492.0	34	367268.0	28	328863.0	1.7976931348623157E308	0.0	354.739300ms	1100	354.739300ms	0.0	354.739300ms	1100	354.739300ms	0.0	371.155500ms	100	371.155500ms	2.3014203195977133E-4	99.106300ms	692	99.106300ms	2.210333704987135E-8	99.106300ms	692	99.106300ms	2.210333704987135E-8	
1485	733007	608	4943248	1969	75	196122.0	58	294828.0	5	296492.0	34	367268.0	28	328863.0	1.7976931348623157E308	0.0	464.783400ms	1100	464.783400ms	0.0	464.783400ms	1100	464.783400ms	0.0	370.647ms	100	370.647ms	0.0	103.230700ms	769	103.230700ms	7.293158870453098E-8	103.230700ms	769	103.230700ms	7.293158870453098E-8	
1486	733529	521	4944469	1221	75	196109.0	58	294828.0	5	296492.0	34	367268.0	28	328863.0	1.7976931348623157E308	0.0	466.231ms	1100	466.231ms	0.0	466.231ms	1100	466.231ms	0.0	384.013500ms	100	384.013500ms	0.0	11.964ms	21	11.964ms	3.1564414958440423E-6	11.964ms	21	11.964ms	3.1564414958440423E-6	
1487	733943	414	4945762	1293	75	196060.0	58	294828.0	5	296492.0	34	367268.0	28	328863.0	1.7976931348623157E308	0.0	345.809700ms	1100	345.809700ms	0.0	345.809700ms	1100	345.809700ms	0.0	364.511300ms	100	364.511300ms	0.0	28.901900ms	93	28.901900ms	2.6866779211054047E-6	28.901900ms	93	28.901900ms	2.6866779211054047E-6	
1488	734479	535	4948248	2486	75	195797.0	58	294828.0	5	296492.0	34	367268.0	28	328863.0	1.7976931348623157E308	0.0	355.908800ms	1100	355.908800ms	0.0	355.908800ms	1100	355.908800ms	0.0	377.328300ms	100	377.328300ms	0.0	139.791200ms	1286	139.791200ms	1.0430996065729825E-6	139.791200ms	1286	139.791200ms	1.0430996065729825E-6	
1489	734960	481	4949822	1574	75	195743.0	58	294828.0	5	296492.0	34	367268.0	28	328863.0	1.7976931348623157E308	0.0	388.949100ms	1100	388.949100ms	0.0	388.949100ms	1100	388.949100ms	0.0	386.069100ms	100	386.069100ms	0.0	51.303500ms	374	51.303500ms	7.374220582438807E-7	51.303500ms	374	51.303500ms	7.374220582438807E-7	
1490	735401	441	4951381	1559	75	195739.0	58	294828.0	5	296492.0	34	367268.0	28	328863.0	1.7976931348623157E308	0.0	360.496600ms	1100	360.496600ms	0.0	360.496600ms	1100	360.496600ms	0.0	376.781600ms	100	376.781600ms	0.0	40.386300ms	359	40.386300ms	5.692188881000943E-8	40.386300ms	359	40.386300ms	5.692188881000943E-8	
1491	735835	433	4952629	1248	75	195726.0	58	294828.0	5	296492.0	34	367268.0	28	328863.0	1.7976931348623157E308	0.0	379.013100ms	1100	379.013100ms	0.0	379.013100ms	1100	379.013100ms	0.0	381.677600ms	100	381.677600ms	0.0	14.423400ms	48	14.423400ms	1.3836452282557181E-6	14.423400ms	48	14.423400ms	1.3836452282557181E-6	
1492	736495	659	4955830	3201	75	195726.0	58	294828.0	5	296492.0	34	367268.0	73	328723.0	1.7976931348623157E308	0.0	347.304100ms	1100	347.304100ms	0.0	347.304100ms	1100	347.304100ms	0.0	474.650100ms	100	474.650100ms	4.208415626956985E-4	263.978500ms	2001	263.978500ms	0.0	263.978500ms	2001	263.978500ms	0.0	
1493	737120	625	4959031	3201	75	195726.0	58	294828.0	5	296492.0	34	367268.0	52	327546.0	1.7976931348623157E308	0.0	365.755800ms	1100	365.755800ms	0.0	365.755800ms	1100	365.755800ms	0.0	387.889700ms	100	387.889700ms	6.429186371516516E-4	219.251500ms	2001	219.251500ms	0.0	219.251500ms	2001	219.251500ms	0.0	
1494	737688	568	4961762	2731	75	195697.0	58	294828.0	5	296492.0	34	367268.0	52	327546.0	1.7976931348623157E308	0.0	380.536100ms	1100	380.536100ms	0.0	380.536100ms	1100	380.536100ms	0.0	378.045600ms	100	378.045600ms	0.0	147.376500ms	1531	147.376500ms	9.677747493994646E-8	147.376500ms	1531	147.376500ms	9.677747493994646E-8	
1495	738279	590	4964963	3201	75	195697.0	58	294828.0	5	296492.0	34	367268.0	52	327546.0	1.7976931348623157E308	0.0	364.479ms	1100	364.479ms	0.0	364.479ms	1100	364.479ms	0.0	375.119600ms	100	375.119600ms	0.0	185.868200ms	2001	185.868200ms	0.0	185.868200ms	2001	185.868200ms	0.0	
1496	738855	576	4968019	3056	75	195670.0	58	294828.0	5	296492.0	34	367268.0	52	327546.0	1.7976931348623157E308	0.0	360.554900ms	1100	360.554900ms	0.0	360.554900ms	1100	360.554900ms	0.0	372.178ms	100	372.178ms	0.0	173.925500ms	1856	173.925500ms	7.433641697676254E-8	173.925500ms	1856	173.925500ms	7.433641697676254E-8	
1497	739428	572	4971022	3003	75	195658.0	58	294828.0	5	296492.0	34	367268.0	52	327546.0	1.7976931348623157E308	0.0	341.749900ms	1100	341.749900ms	0.0	341.749900ms	1100	341.749900ms	0.0	380.097600ms	100	380.097600ms	0.0	190.336200ms	1803	190.336200ms	3.4014279364519414E-8	190.336200ms	1803	190.336200ms	3.4014279364519414E-8	
1498	739874	445	4972561	1539	75	195657.0	58	294828.0	5	296492.0	34	367268.0	52	327546.0	1.7976931348623157E308	0.0	366.154400ms	1100	366.154400ms	0.0	366.154400ms	1100	366.154400ms	0.0	394.677300ms	100	394.677300ms	0.0	38.665800ms	339	38.665800ms	1.5076574979606014E-8	38.665800ms	339	38.665800ms	1.5076574979606014E-8	
1499	740303	429	4973797	1236	75	195632.0	58	294828.0	5	296492.0	34	367268.0	52	327546.0	1.7976931348623157E308	0.0	366.477300ms	1100	366.477300ms	0.0	366.477300ms	1100	366.477300ms	0.0	374.589ms	100	374.589ms	0.0	22.394800ms	36	22.394800ms	3.5492951667684093E-6	22.394800ms	36	22.394800ms	3.5492951667684093E-6	
1500	740730	427	4975127	1330	75	195624.0	58	294828.0	5	296492.0	34	352551.0	52	327546.0	1.7976931348623157E308	0.0	363.206500ms	1100	363.206500ms	0.0	363.206500ms	1100	363.206500ms	0.0	407.221700ms	100	407.221700ms	4.007155537645535E-4	21.534400ms	130	21.534400ms	3.14562349403345E-7	21.534400ms	130	21.534400ms	3.14562349403345E-7	
1501	741155	424	4976430	1303	75	195566.0	58	294828.0	5	296492.0	34	352551.0	52	327546.0	1.7976931348623157E308	0.0	353.632300ms	1100	353.632300ms	0.0	353.632300ms	1100	353.632300ms	0.0	384.908500ms	100	384.908500ms	0.0	29.934900ms	103	29.934900ms	2.8785159086643425E-6	29.934900ms	103	29.934900ms	2.8785159086643425E-6	
1502	741570	415	4977766	1336	75	195522.0	58	294828.0	5	296492.0	34	352551.0	52	327546.0	1.7976931348623157E308	0.0	353.904700ms	1100	353.904700ms	0.0	353.904700ms	1100	353.904700ms	0.0	377.072200ms	100	377.072200ms	0.0	21.493300ms	137	21.493300ms	1.6422480554480354E-6	21.493300ms	137	21.493300ms	1.6422480554480354E-6	
1503	742243	673	4980967	3201	75	195522.0	58	294828.0	5	296492.0	34	352551.0	52	327546.0	1.7976931348623157E308	0.0	424.162800ms	1100	424.162800ms	0.0	424.162800ms	1100	424.162800ms	0.0	380.246800ms	100	380.246800ms	0.0	208.665ms	2001	208.665ms	0.0	208.665ms	2001	208.665ms	0.0	
1504	742801	557	4984168	3201	75	195522.0	58	294828.0	5	296492.0	34	352551.0	52	327546.0	1.7976931348623157E308	0.0	341.672100ms	1100	341.672100ms	0.0	341.672100ms	1100	341.672100ms	0.0	385.488400ms	100	385.488400ms	2.4952539837772567E-4	174.848100ms	2001	174.848100ms	0.0	174.848100ms	2001	174.848100ms	0.0	
1505	743345	544	4987021	2853	75	195234.0	58	294828.0	5	296492.0	34	352551.0	52	327546.0	1.7976931348623157E308	0.0	344.894100ms	1100	344.894100ms	0.0	344.894100ms	1100	344.894100ms	0.0	370.701400ms	100	370.701400ms	0.0	160.664200ms	1653	160.664200ms	8.910949925641009E-7	160.664200ms	1653	160.664200ms	8.910949925641009E-7	
1506	743844	498	4989260	2239	75	194981.0	58	294828.0	5	296492.0	34	352551.0	52	327546.0	1.7976931348623157E308	0.0	340.137600ms	1100	340.137600ms	0.0	340.137600ms	1100	340.137600ms	0.0	386.767500ms	100	386.767500ms	0.0	117.742ms	1039	117.742ms	1.247238537466238E-6	117.742ms	1039	117.742ms	1.247238537466238E-6	
1507	744426	581	4991599	2339	75	194976.0	58	294828.0	5	296492.0	34	352551.0	52	327546.0	1.7976931348623157E308	0.0	435.532100ms	1100	435.532100ms	0.0	435.532100ms	1100	435.532100ms	0.0	414.379100ms	100	414.379100ms	0.0	102.542700ms	1139	102.542700ms	2.251406869256984E-8	102.542700ms	1139	102.542700ms	2.251406869256984E-8	
1508	745119	693	4994800	3201	75	194976.0	58	294828.0	5	296492.0	34	352551.0	52	327546.0	1.7976931348623157E308	0.0	457.806400ms	1100	457.806400ms	0.0	457.806400ms	1100	457.806400ms	0.0	364.091300ms	100	364.091300ms	0.0	196.248ms	2001	196.248ms	0.0	196.248ms	2001	196.248ms	0.0	
1509	745644	524	4996993	2193	75	194867.0	58	294828.0	5	296492.0	34	352551.0	52	327546.0	1.7976931348623157E308	0.0	370.630200ms	1100	370.630200ms	0.0	370.630200ms	1100	370.630200ms	0.0	374.635100ms	100	374.635100ms	0.0	113.586100ms	993	113.586100ms	5.629840526554872E-7	113.586100ms	993	113.586100ms	5.629840526554872E-7	
1510	746045	401	4998283	1290	75	194788.0	58	294828.0	5	296492.0	34	352551.0	74	327442.0	1.7976931348623157E308	0.0	341.890100ms	1100	341.890100ms	0.0	341.890100ms	1100	341.890100ms	0.0	399.647200ms	100	399.647200ms	9.522394756467988E-5	17.965500ms	90	17.965500ms	4.504496799241488E-6	17.965500ms	90	17.965500ms	4.504496799241488E-6	
1511	746565	519	5000677	2394	75	194682.0	58	294828.0	5	296492.0	34	352551.0	74	327442.0	1.7976931348623157E308	0.0	366.835100ms	1100	366.835100ms	0.0	366.835100ms	1100	366.835100ms	0.0	370.285600ms	100	370.285600ms	0.0	112.344500ms	1194	112.344500ms	4.557632884494624E-7	112.344500ms	1194	112.344500ms	4.557632884494624E-7	
