"generation"	"timeTotal"	"timeOfIteration"	"fitnessCallCountSoFar"	"fitnessCallCountOfIteration"	"idOfBest"	"costOfBest"	"idOfSecond"	"costOfSecond"	"idOfThird"	"costOfThird"	"idOfWorst"	"costOfWorst"	"idOfMedian"	"costOfMedian"	"diversity"	"geneBalance"	"spentTimeOfMutation"	"spentBudgetOfMutation"	"improvementCountPerRunOfMutation"	"improvementCountPerBudgetOfMutation"	"spentTimeOfMutationOnBest"	"spentBudgetOfMutationOnBest"	"improvementCountPerRunOfMutationOnBest"	"improvementCountPerBudgetOfMutationOnBest"	"spentTimeOfGeneTransfer"	"spentBudgetOfGeneTransfer"	"improvementCountPerRunOfGeneTransfer"	"improvementCountPerBudgetOfGeneTransfer"	"spentTimeOfBoost"	"spentBudgetOfBoost"	"improvementCountPerRunOfBoost"	"improvementCountPerBudgetOfBoost"	"spentTimeOfBoostOnBest"	"spentBudgetOfBoostOnBest"	"improvementCountPerRunOfBoostOnBest"	"improvementCountPerBudgetOfBoostOnBest"	
2	2	2	33	33	0	2211919.0	null	null	null	null	0	2211919.0	0	2211919.0	1.7976931348623157E308	0.0	268.4us	30	268.4us	0.007012583016925385	268.4us	30	268.4us	0.007012583016925385	0s	0	0s	0.0	1.322100ms	2	1.322100ms	0.0114285734218606	1.322100ms	2	1.322100ms	0.0114285734218606	
3	4	2	65	32	0	1983930.0	null	null	null	null	0	1983930.0	0	1983930.0	1.7976931348623157E308	0.0	292us	30	292us	0.002674292135956628	292us	30	292us	0.002674292135956628	0s	0	0s	0.0	1.516ms	2	1.516ms	0.012418402301350107	1.516ms	2	1.516ms	0.012418402301350107	
4	6	2	102	37	0	1888246.0	null	null	null	null	0	1888246.0	0	1888246.0	1.7976931348623157E308	0.0	264.7us	30	264.7us	0.0012741687902247242	264.7us	30	264.7us	0.0012741687902247242	0s	0	0s	0.0	1.613100ms	7	1.613100ms	0.0014860115312248195	1.613100ms	7	1.613100ms	0.0014860115312248195	
5	8	2	137	35	0	1790450.0	null	null	null	null	0	1790450.0	0	1790450.0	1.7976931348623157E308	0.0	275us	30	275us	0.0015163130533926003	275us	30	275us	0.0015163130533926003	0s	0	0s	0.0	1.750200ms	5	1.750200ms	0.0013205906433801484	1.750200ms	5	1.750200ms	0.0013205906433801484	
6	11	2	174	37	0	1703416.0	null	null	null	null	0	1703416.0	0	1703416.0	1.7976931348623157E308	0.0	256.1us	30	256.1us	0.00143361966774721	256.1us	30	256.1us	0.00143361966774721	0s	0	0s	0.0	1.854500ms	7	1.854500ms	8.361824441580941E-4	1.854500ms	7	1.854500ms	8.361824441580941E-4	
7	13	2	247	73	0	1702891.0	null	null	null	null	0	1702891.0	0	1702891.0	1.7976931348623157E308	0.0	277.9us	30	277.9us	0.0	277.9us	30	277.9us	0.0	0s	0	0s	0.0	1.953800ms	43	1.953800ms	7.167540005248957E-6	1.953800ms	43	1.953800ms	7.167540005248957E-6	
8	16	2	295	48	0	1614821.0	null	null	null	null	0	1614821.0	0	1614821.0	1.7976931348623157E308	0.0	264.4us	30	264.4us	0.0015627920410202186	264.4us	30	264.4us	0.0015627920410202186	0s	0	0s	0.0	2.339ms	18	2.339ms	2.8177571749063126E-4	2.339ms	18	2.339ms	2.8177571749063126E-4	
9	19	2	343	48	0	1519532.0	null	null	null	null	0	1519532.0	0	1519532.0	1.7976931348623157E308	0.0	266.8us	30	266.8us	0.0012225508251525981	266.8us	30	266.8us	0.0012225508251525981	0s	0	0s	0.0	2.206600ms	18	2.206600ms	0.0012879308466868923	2.206600ms	18	2.206600ms	0.0012879308466868923	
10	21	2	401	58	0	1506775.0	null	null	null	null	0	1506775.0	0	1506775.0	1.7976931348623157E308	0.0	248.6us	30	248.6us	2.738836984896557E-4	248.6us	30	248.6us	2.738836984896557E-4	0s	0	0s	0.0	1.887ms	28	1.887ms	6.4399527523700025E-6	1.887ms	28	1.887ms	6.4399527523700025E-6	
11	24	2	445	44	0	1504957.0	null	null	null	null	0	1504957.0	0	1504957.0	1.7976931348623157E308	0.0	286.2us	30	286.2us	0.0	286.2us	30	286.2us	0.0	0s	0	0s	0.0	1.969300ms	14	1.969300ms	8.618217242596846E-5	1.969300ms	14	1.969300ms	8.618217242596846E-5	
12	26	2	490	45	0	1447779.0	null	null	null	null	0	1447779.0	0	1447779.0	1.7976931348623157E308	0.0	250.6us	30	250.6us	0.0011524858164824884	250.6us	30	250.6us	0.0011524858164824884	0s	0	0s	0.0	2.004500ms	15	2.004500ms	2.3606433052018408E-4	2.004500ms	15	2.004500ms	2.3606433052018408E-4	
13	29	2	557	67	0	1444647.0	null	null	null	null	0	1444647.0	0	1444647.0	1.7976931348623157E308	0.0	285.5us	30	285.5us	6.813548253691663E-5	285.5us	30	285.5us	6.813548253691663E-5	0s	0	0s	0.0	2.037400ms	37	2.037400ms	3.2295506950131027E-6	2.037400ms	37	2.037400ms	3.2295506950131027E-6	
14	32	2	620	63	0	1417137.0	null	null	null	null	0	1417137.0	0	1417137.0	1.7976931348623157E308	0.0	250us	30	250us	1.9555711446276325E-4	250us	30	250us	1.9555711446276325E-4	0s	0	0s	0.0	2.167500ms	33	2.167500ms	4.0162899394254845E-4	2.167500ms	33	2.167500ms	4.0162899394254845E-4	
15	37	5	699	79	0	1396484.0	null	null	null	null	0	1396484.0	0	1396484.0	1.7976931348623157E308	0.0	270.3us	30	270.3us	4.819898944204759E-4	270.3us	30	270.3us	4.819898944204759E-4	0s	0	0s	0.0	4.749600ms	49	4.749600ms	2.3617609133850654E-6	4.749600ms	49	4.749600ms	2.3617609133850654E-6	
16	40	2	739	40	0	1394983.0	null	null	null	null	0	1394983.0	0	1394983.0	1.7976931348623157E308	0.0	247.7us	30	247.7us	0.0	247.7us	30	247.7us	0.0	0s	0	0s	0.0	2.159300ms	10	2.159300ms	1.0748422466708707E-4	2.159300ms	10	2.159300ms	1.0748422466708707E-4	
17	43	2	771	32	0	1389131.0	null	null	null	null	0	1389131.0	0	1389131.0	1.7976931348623157E308	0.0	247.7us	30	247.7us	0.0	247.7us	30	247.7us	0.0	0s	0	0s	0.0	2.11ms	2	2.11ms	0.0020975166005607337	2.11ms	2	2.11ms	0.0020975166005607337	
18	45	2	832	61	0	1388592.0	null	null	null	null	0	1388592.0	0	1388592.0	1.7976931348623157E308	0.0	319us	30	319us	0.0	319us	30	319us	0.0	0s	0	0s	0.0	2.276600ms	31	2.276600ms	1.2516527796292384E-5	2.276600ms	31	2.276600ms	1.2516527796292384E-5	
19	48	2	864	32	0	1375393.0	null	null	null	null	0	1375393.0	0	1375393.0	1.7976931348623157E308	0.0	256.3us	30	256.3us	3.0081027841702597E-4	256.3us	30	256.3us	3.0081027841702597E-4	0s	0	0s	0.0	2.304700ms	2	2.304700ms	2.426918778157816E-4	2.304700ms	2	2.304700ms	2.426918778157816E-4	
20	51	3	957	93	0	1315335.0	null	null	null	null	0	1315335.0	0	1315335.0	1.7976931348623157E308	0.0	252.8us	30	252.8us	0.0	252.8us	30	252.8us	0.0	0s	0	0s	0.0	2.466300ms	63	2.466300ms	6.931121412582354E-4	2.466300ms	63	2.466300ms	6.931121412582354E-4	
21	54	2	1010	53	0	1312067.0	null	null	null	null	0	1312067.0	0	1312067.0	1.7976931348623157E308	0.0	263us	30	263us	0.0	263us	30	263us	0.0	0s	0	0s	0.0	2.415600ms	23	2.415600ms	1.0802339823827143E-4	2.415600ms	23	2.415600ms	1.0802339823827143E-4	
22	57	2	1079	69	0	1300288.0	null	null	null	null	0	1300288.0	0	1300288.0	1.7976931348623157E308	0.0	252us	30	252us	0.0	252us	30	252us	0.0	0s	0	0s	0.0	2.408200ms	39	2.408200ms	2.3019071512784205E-4	2.408200ms	39	2.408200ms	2.3019071512784205E-4	
23	60	2	1117	38	0	1266777.0	null	null	null	null	0	1266777.0	0	1266777.0	1.7976931348623157E308	0.0	259.5us	30	259.5us	0.0	259.5us	30	259.5us	0.0	0s	0	0s	0.0	2.446ms	8	2.446ms	0.0032214978527833893	2.446ms	8	2.446ms	0.0032214978527833893	
24	63	3	1152	35	0	1258446.0	null	null	null	null	0	1258446.0	0	1258446.0	1.7976931348623157E308	0.0	249.2us	30	249.2us	0.0	249.2us	30	249.2us	0.0	0s	0	0s	0.0	2.439600ms	5	2.439600ms	0.001315306482514278	2.439600ms	5	2.439600ms	0.001315306482514278	
25	68	5	1276	124	0	1230328.0	null	null	null	null	0	1230328.0	0	1230328.0	1.7976931348623157E308	0.0	240.7us	30	240.7us	5.408517375381801E-4	240.7us	30	240.7us	5.408517375381801E-4	0s	0	0s	0.0	4.510500ms	94	4.510500ms	6.615724405253518E-5	4.510500ms	94	4.510500ms	6.615724405253518E-5	
26	72	3	1353	77	0	1227624.0	null	null	null	null	0	1227624.0	0	1227624.0	1.7976931348623157E308	0.0	261.9us	30	261.9us	8.822299080283684E-6	261.9us	30	261.9us	8.822299080283684E-6	0s	0	0s	0.0	2.698700ms	47	2.698700ms	4.1141078864007384E-5	2.698700ms	47	2.698700ms	4.1141078864007384E-5	
27	75	3	1384	31	0	1226579.0	null	null	null	null	0	1226579.0	0	1226579.0	1.7976931348623157E308	0.0	248.2us	30	248.2us	0.0	248.2us	30	248.2us	0.0	0s	0	0s	0.0	2.552400ms	1	2.552400ms	8.512378382957708E-4	2.552400ms	1	2.552400ms	8.512378382957708E-4	
28	78	3	1424	40	0	1223856.0	null	null	null	null	0	1223856.0	0	1223856.0	1.7976931348623157E308	0.0	250.4us	30	250.4us	0.0	250.4us	30	250.4us	0.0	0s	0	0s	0.0	2.686900ms	10	2.686900ms	2.2199956138169163E-4	2.686900ms	10	2.686900ms	2.2199956138169163E-4	
29	82	3	1470	46	0	1219685.0	null	null	null	null	0	1219685.0	0	1219685.0	1.7976931348623157E308	0.0	306.9us	30	306.9us	0.0	306.9us	30	306.9us	0.0	0s	0	0s	0.0	2.770700ms	16	2.770700ms	2.130050430769609E-4	2.770700ms	16	2.770700ms	2.130050430769609E-4	
30	85	3	1562	92	0	1216696.0	null	null	null	null	0	1216696.0	0	1216696.0	1.7976931348623157E308	0.0	307.3us	30	307.3us	0.0	307.3us	30	307.3us	0.0	0s	0	0s	0.0	3.005800ms	62	3.005800ms	3.9526334602257496E-5	3.005800ms	62	3.005800ms	3.9526334602257496E-5	
31	89	3	1597	35	0	1194494.0	null	null	null	null	0	1194494.0	0	1194494.0	1.7976931348623157E308	0.0	254.9us	30	254.9us	0.0	254.9us	30	254.9us	0.0	0s	0	0s	0.0	2.86ms	5	2.86ms	0.0036495558463248033	2.86ms	5	2.86ms	0.0036495558463248033	
32	92	3	1645	48	0	1191755.0	null	null	null	null	0	1191755.0	0	1191755.0	1.7976931348623157E308	0.0	261.8us	30	261.8us	0.0	261.8us	30	261.8us	0.0	0s	0	0s	0.0	3.011600ms	18	3.011600ms	1.2739006363084634E-4	3.011600ms	18	3.011600ms	1.2739006363084634E-4	
33	95	3	1683	38	0	1186849.0	null	null	null	null	0	1186849.0	0	1186849.0	1.7976931348623157E308	0.0	255.2us	30	255.2us	0.0	255.2us	30	255.2us	0.0	0s	0	0s	0.0	2.826ms	8	2.826ms	5.145772411275784E-4	2.826ms	8	2.826ms	5.145772411275784E-4	
34	99	3	1784	101	0	1155633.0	null	null	null	null	0	1155633.0	0	1155633.0	1.7976931348623157E308	0.0	261.7us	30	261.7us	0.0	261.7us	30	261.7us	0.0	0s	0	0s	0.0	2.982100ms	71	2.982100ms	3.7044474219634143E-4	2.982100ms	71	2.982100ms	3.7044474219634143E-4	
35	102	3	1828	44	0	1149141.0	null	null	null	null	0	1149141.0	0	1149141.0	1.7976931348623157E308	0.0	239.6us	30	239.6us	0.0	239.6us	30	239.6us	0.0	0s	0	0s	0.0	2.771400ms	14	2.771400ms	4.012643163653906E-4	2.771400ms	14	2.771400ms	4.012643163653906E-4	
36	106	3	1898	70	0	1148708.0	null	null	null	null	0	1148708.0	0	1148708.0	1.7976931348623157E308	0.0	248us	30	248us	0.0	248us	30	248us	0.0	0s	0	0s	0.0	2.914800ms	40	2.914800ms	9.42007986835247E-6	2.914800ms	40	2.914800ms	9.42007986835247E-6	
37	110	3	2029	131	0	1148708.0	null	null	null	null	0	1148708.0	0	1148708.0	1.7976931348623157E308	0.0	256.3us	30	256.3us	0.0	256.3us	30	256.3us	0.0	0s	0	0s	0.0	3.265ms	101	3.265ms	0.0	3.265ms	101	3.265ms	0.0	
38	113	3	2062	33	0	1139269.0	null	null	null	null	0	1139269.0	0	1139269.0	1.7976931348623157E308	0.0	249.5us	30	249.5us	0.0	249.5us	30	249.5us	0.0	0s	0	0s	0.0	2.99ms	3	2.99ms	0.0027390192575775054	2.99ms	3	2.99ms	0.0027390192575775054	
39	117	3	2129	67	0	1135348.0	null	null	null	null	0	1135348.0	0	1135348.0	1.7976931348623157E308	0.0	249us	30	249us	0.0	249us	30	249us	0.0	0s	0	0s	0.0	3.085400ms	37	3.085400ms	9.301839422732823E-5	3.085400ms	37	3.085400ms	9.301839422732823E-5	
40	121	3	2187	58	0	1132008.0	null	null	null	null	0	1132008.0	0	1132008.0	1.7976931348623157E308	0.0	269.5us	30	269.5us	0.0	269.5us	30	269.5us	0.0	0s	0	0s	0.0	3.128800ms	28	3.128800ms	1.0506533176234321E-4	3.128800ms	28	3.128800ms	1.0506533176234321E-4	
41	124	3	2318	131	0	1132008.0	null	null	null	null	0	1132008.0	0	1132008.0	1.7976931348623157E308	0.0	252.3us	30	252.3us	0.0	252.3us	30	252.3us	0.0	0s	0	0s	0.0	3.277700ms	101	3.277700ms	0.0	3.277700ms	101	3.277700ms	0.0	
42	128	3	2352	34	0	1126243.0	null	null	null	null	0	1126243.0	0	1126243.0	1.7976931348623157E308	0.0	251.8us	30	251.8us	0.0	251.8us	30	251.8us	0.0	0s	0	0s	0.0	3.310900ms	4	3.310900ms	0.001273180048197542	3.310900ms	4	3.310900ms	0.001273180048197542	
43	132	3	2386	34	0	1120310.0	null	null	null	null	0	1120310.0	0	1120310.0	1.7976931348623157E308	0.0	256.2us	30	256.2us	0.0	256.2us	30	256.2us	0.0	0s	0	0s	0.0	3.163500ms	4	3.163500ms	0.0013169893175806746	3.163500ms	4	3.163500ms	0.0013169893175806746	
44	136	4	2517	131	0	1120310.0	null	null	null	null	0	1120310.0	0	1120310.0	1.7976931348623157E308	0.0	302us	30	302us	0.0	302us	30	302us	0.0	0s	0	0s	0.0	3.409300ms	101	3.409300ms	0.0	3.409300ms	101	3.409300ms	0.0	
45	140	3	2552	35	0	1117835.0	null	null	null	null	0	1117835.0	0	1117835.0	1.7976931348623157E308	0.0	243.1us	30	243.1us	0.0	243.1us	30	243.1us	0.0	0s	0	0s	0.0	3.241700ms	5	3.241700ms	4.418419901634385E-4	3.241700ms	5	3.241700ms	4.418419901634385E-4	
46	144	3	2586	34	0	1114454.0	null	null	null	null	0	1114454.0	0	1114454.0	1.7976931348623157E308	0.0	253us	30	253us	0.0	253us	30	253us	0.0	0s	0	0s	0.0	3.220800ms	4	3.220800ms	7.56149163338049E-4	3.220800ms	4	3.220800ms	7.56149163338049E-4	
47	148	4	2663	77	0	1087185.0	null	null	null	null	0	1087185.0	0	1087185.0	1.7976931348623157E308	0.0	250us	30	250us	0.0	250us	30	250us	0.0	0s	0	0s	0.0	3.431800ms	47	3.431800ms	5.20606045078309E-4	3.431800ms	47	3.431800ms	5.20606045078309E-4	
48	152	4	2704	41	0	1085835.0	null	null	null	null	0	1085835.0	0	1085835.0	1.7976931348623157E308	0.0	300us	30	300us	0.0	300us	30	300us	0.0	0s	0	0s	0.0	3.352800ms	11	3.352800ms	1.1288536240591532E-4	3.352800ms	11	3.352800ms	1.1288536240591532E-4	
49	156	3	2787	83	0	1075895.0	null	null	null	null	0	1075895.0	0	1075895.0	1.7976931348623157E308	0.0	243.2us	30	243.2us	0.0	243.2us	30	243.2us	0.0	0s	0	0s	0.0	3.465300ms	53	3.465300ms	1.7272161038400896E-4	3.465300ms	53	3.465300ms	1.7272161038400896E-4	
50	160	4	2847	60	0	1041752.0	null	null	null	null	0	1041752.0	0	1041752.0	1.7976931348623157E308	0.0	250.4us	30	250.4us	4.2955652079432747E-4	250.4us	30	250.4us	4.2955652079432747E-4	0s	0	0s	0.0	3.542200ms	30	3.542200ms	6.364623561468977E-4	3.542200ms	30	3.542200ms	6.364623561468977E-4	
51	164	4	2883	36	0	1033023.0	null	null	null	null	0	1033023.0	0	1033023.0	1.7976931348623157E308	0.0	252.8us	30	252.8us	0.0	252.8us	30	252.8us	0.0	0s	0	0s	0.0	3.546900ms	6	3.546900ms	0.0013965255966231216	3.546900ms	6	3.546900ms	0.0013965255966231216	
52	168	4	2918	35	0	1030552.0	null	null	null	null	0	1030552.0	0	1030552.0	1.7976931348623157E308	0.0	251.2us	30	251.2us	0.0	251.2us	30	251.2us	0.0	0s	0	0s	0.0	3.472500ms	5	3.472500ms	4.7840173936108954E-4	3.472500ms	5	3.472500ms	4.7840173936108954E-4	
53	172	4	2959	41	0	1026900.0	null	null	null	null	0	1026900.0	0	1026900.0	1.7976931348623157E308	0.0	249.6us	30	249.6us	0.0	249.6us	30	249.6us	0.0	0s	0	0s	0.0	3.474300ms	11	3.474300ms	3.221574457184063E-4	3.474300ms	11	3.474300ms	3.221574457184063E-4	
54	176	4	3024	65	0	1015516.0	null	null	null	null	0	1015516.0	0	1015516.0	1.7976931348623157E308	0.0	258.8us	30	258.8us	0.0	258.8us	30	258.8us	0.0	0s	0	0s	0.0	3.511400ms	35	3.511400ms	3.167369197167615E-4	3.511400ms	35	3.511400ms	3.167369197167615E-4	
55	181	4	3155	131	0	1014050.0	null	null	null	null	0	1014050.0	0	1014050.0	1.7976931348623157E308	0.0	250.3us	30	250.3us	0.0	250.3us	30	250.3us	0.0	0s	0	0s	0.0	4.020100ms	101	4.020100ms	1.4293080055015079E-5	4.020100ms	101	4.020100ms	1.4293080055015079E-5	
56	185	4	3286	131	0	1006531.0	null	null	null	null	0	1006531.0	0	1006531.0	1.7976931348623157E308	0.0	252.4us	30	252.4us	2.4716072514504586E-4	252.4us	30	252.4us	2.4716072514504586E-4	0s	0	0s	0.0	3.775800ms	101	3.775800ms	0.0	3.775800ms	101	3.775800ms	0.0	
57	189	4	3375	89	0	1006531.0	null	null	null	null	0	1006531.0	0	1006531.0	1.7976931348623157E308	0.0	246.8us	30	246.8us	0.0	246.8us	30	246.8us	0.0	0s	0	0s	0.0	3.709600ms	59	3.709600ms	0.0	3.709600ms	59	3.709600ms	0.0	
58	194	4	3506	131	0	1006531.0	null	null	null	null	0	1006531.0	0	1006531.0	1.7976931348623157E308	0.0	270.6us	30	270.6us	0.0	270.6us	30	270.6us	0.0	0s	0	0s	0.0	4.440400ms	101	4.440400ms	0.0	4.440400ms	101	4.440400ms	0.0	
59	199	4	3551	45	0	1005447.0	null	null	null	null	0	1005447.0	0	1005447.0	1.7976931348623157E308	0.0	255.8us	30	255.8us	0.0	255.8us	30	255.8us	0.0	0s	0	0s	0.0	3.712ms	15	3.712ms	7.179775552533426E-5	3.712ms	15	3.712ms	7.179775552533426E-5	
60	203	4	3680	129	0	1003635.0	null	null	null	null	0	1003635.0	0	1003635.0	1.7976931348623157E308	0.0	251.4us	30	251.4us	0.0	251.4us	30	251.4us	0.0	0s	0	0s	0.0	4.05ms	99	4.05ms	1.8203873802428866E-5	4.05ms	99	4.05ms	1.8203873802428866E-5	
61	208	4	3811	131	0	1003635.0	null	null	null	null	0	1003635.0	0	1003635.0	1.7976931348623157E308	0.0	245us	30	245us	0.0	245us	30	245us	0.0	0s	0	0s	0.0	3.907100ms	101	3.907100ms	0.0	3.907100ms	101	3.907100ms	0.0	
62	212	4	3942	131	0	1003635.0	null	null	null	null	0	1003635.0	0	1003635.0	1.7976931348623157E308	0.0	248.9us	30	248.9us	0.0	248.9us	30	248.9us	0.0	0s	0	0s	0.0	3.924ms	101	3.924ms	0.0	3.924ms	101	3.924ms	0.0	
63	217	4	4073	131	0	1003635.0	null	null	null	null	0	1003635.0	0	1003635.0	1.7976931348623157E308	0.0	255.3us	30	255.3us	0.0	255.3us	30	255.3us	0.0	0s	0	0s	0.0	4.048500ms	101	4.048500ms	0.0	4.048500ms	101	4.048500ms	0.0	
64	221	4	4160	87	0	989530.0	null	null	null	null	0	989530.0	0	989530.0	1.7976931348623157E308	0.0	273.8us	30	273.8us	0.0	273.8us	30	273.8us	0.0	0s	0	0s	0.0	3.808800ms	57	3.808800ms	2.465598951320718E-4	3.808800ms	57	3.808800ms	2.465598951320718E-4	
65	226	4	4209	49	0	988745.0	null	null	null	null	0	988745.0	0	988745.0	1.7976931348623157E308	0.0	243.7us	30	243.7us	0.0	243.7us	30	243.7us	0.0	0s	0	0s	0.0	3.931400ms	19	3.931400ms	4.175294278463999E-5	3.931400ms	19	3.931400ms	4.175294278463999E-5	
66	231	5	4340	131	0	988745.0	null	null	null	null	0	988745.0	0	988745.0	1.7976931348623157E308	0.0	244.9us	30	244.9us	0.0	244.9us	30	244.9us	0.0	0s	0	0s	0.0	4.765400ms	101	4.765400ms	0.0	4.765400ms	101	4.765400ms	0.0	
67	236	4	4451	111	0	987972.0	null	null	null	null	0	987972.0	0	987972.0	1.7976931348623157E308	0.0	255.7us	30	255.7us	0.0	255.7us	30	255.7us	0.0	0s	0	0s	0.0	4.112400ms	81	4.112400ms	9.651841350947854E-6	4.112400ms	81	4.112400ms	9.651841350947854E-6	
68	241	4	4513	62	0	962080.0	null	null	null	null	0	962080.0	0	962080.0	1.7976931348623157E308	0.0	255.5us	30	255.5us	0.0	255.5us	30	255.5us	0.0	0s	0	0s	0.0	3.996800ms	32	3.996800ms	8.189756389857215E-4	3.996800ms	32	3.996800ms	8.189756389857215E-4	
69	245	4	4644	131	0	962080.0	null	null	null	null	0	962080.0	0	962080.0	1.7976931348623157E308	0.0	250us	30	250us	0.0	250us	30	250us	0.0	0s	0	0s	0.0	4.253ms	101	4.253ms	0.0	4.253ms	101	4.253ms	0.0	
70	250	4	4775	131	0	961737.0	null	null	null	null	0	961737.0	0	961737.0	1.7976931348623157E308	0.0	321.5us	30	321.5us	1.1883973612728897E-5	321.5us	30	321.5us	1.1883973612728897E-5	0s	0	0s	0.0	4.201ms	101	4.201ms	0.0	4.201ms	101	4.201ms	0.0	
71	255	4	4906	131	0	961737.0	null	null	null	null	0	961737.0	0	961737.0	1.7976931348623157E308	0.0	247.6us	30	247.6us	0.0	247.6us	30	247.6us	0.0	0s	0	0s	0.0	4.239ms	101	4.239ms	0.0	4.239ms	101	4.239ms	0.0	
72	260	4	4997	91	0	946442.0	null	null	null	null	0	946442.0	0	946442.0	1.7976931348623157E308	0.0	254.8us	30	254.8us	0.0	254.8us	30	254.8us	0.0	0s	0	0s	0.0	4.422600ms	61	4.422600ms	2.607133810158426E-4	4.422600ms	61	4.422600ms	2.607133810158426E-4	
73	265	5	5128	131	0	946442.0	null	null	null	null	0	946442.0	0	946442.0	1.7976931348623157E308	0.0	250.5us	30	250.5us	0.0	250.5us	30	250.5us	0.0	0s	0	0s	0.0	4.596100ms	101	4.596100ms	0.0	4.596100ms	101	4.596100ms	0.0	
74	270	4	5176	48	0	946300.0	null	null	null	null	0	946300.0	0	946300.0	1.7976931348623157E308	0.0	248.9us	30	248.9us	0.0	248.9us	30	248.9us	0.0	0s	0	0s	0.0	4.424700ms	18	4.424700ms	8.335311502331392E-6	4.424700ms	18	4.424700ms	8.335311502331392E-6	
75	276	5	5307	131	0	946300.0	null	null	null	null	0	946300.0	0	946300.0	1.7976931348623157E308	0.0	248us	30	248us	0.0	248us	30	248us	0.0	0s	0	0s	0.0	4.802400ms	101	4.802400ms	0.0	4.802400ms	101	4.802400ms	0.0	
76	281	5	5400	93	0	939234.0	null	null	null	null	0	939234.0	0	939234.0	1.7976931348623157E308	0.0	253.7us	30	253.7us	0.0	253.7us	30	253.7us	0.0	0s	0	0s	0.0	4.66ms	63	4.66ms	1.1852343882355423E-4	4.66ms	63	4.66ms	1.1852343882355423E-4	
77	286	5	5437	37	0	929406.0	null	null	null	null	0	929406.0	0	929406.0	1.7976931348623157E308	0.0	277.3us	30	277.3us	0.0	277.3us	30	277.3us	0.0	0s	0	0s	0.0	4.794ms	7	4.794ms	0.0014948351529011955	4.794ms	7	4.794ms	0.0014948351529011955	
78	292	5	5568	131	0	929406.0	null	null	null	null	0	929406.0	0	929406.0	1.7976931348623157E308	0.0	260.4us	30	260.4us	0.0	260.4us	30	260.4us	0.0	0s	0	0s	0.0	4.915600ms	101	4.915600ms	0.0	4.915600ms	101	4.915600ms	0.0	
79	297	5	5688	120	0	929406.0	null	null	null	null	0	929406.0	0	929406.0	1.7976931348623157E308	0.0	247.6us	30	247.6us	0.0	247.6us	30	247.6us	0.0	0s	0	0s	0.0	4.873400ms	90	4.873400ms	0.0	4.873400ms	90	4.873400ms	0.0	
80	302	5	5819	131	0	929406.0	null	null	null	null	0	929406.0	0	929406.0	1.7976931348623157E308	0.0	247.3us	30	247.3us	0.0	247.3us	30	247.3us	0.0	0s	0	0s	0.0	4.693800ms	101	4.693800ms	0.0	4.693800ms	101	4.693800ms	0.0	
81	308	5	5950	131	0	929406.0	null	null	null	null	0	929406.0	0	929406.0	1.7976931348623157E308	0.0	256.6us	30	256.6us	0.0	256.6us	30	256.6us	0.0	0s	0	0s	0.0	5.019400ms	101	5.019400ms	0.0	5.019400ms	101	5.019400ms	0.0	
82	314	5	6081	131	0	929406.0	null	null	null	null	0	929406.0	0	929406.0	1.7976931348623157E308	0.0	261.2us	30	261.2us	0.0	261.2us	30	261.2us	0.0	0s	0	0s	0.0	5.191200ms	101	5.191200ms	0.0	5.191200ms	101	5.191200ms	0.0	
83	319	5	6212	131	0	929406.0	null	null	null	null	0	929406.0	0	929406.0	1.7976931348623157E308	0.0	327.6us	30	327.6us	0.0	327.6us	30	327.6us	0.0	0s	0	0s	0.0	4.800900ms	101	4.800900ms	0.0	4.800900ms	101	4.800900ms	0.0	
84	325	5	6343	131	0	929406.0	null	null	null	null	0	929406.0	0	929406.0	1.7976931348623157E308	0.0	252.6us	30	252.6us	0.0	252.6us	30	252.6us	0.0	0s	0	0s	0.0	4.939100ms	101	4.939100ms	0.0	4.939100ms	101	4.939100ms	0.0	
85	330	5	6375	32	0	928430.0	null	null	null	null	0	928430.0	0	928430.0	1.7976931348623157E308	0.0	250.7us	30	250.7us	0.0	250.7us	30	250.7us	0.0	0s	0	0s	0.0	4.767400ms	2	4.767400ms	5.250665478810923E-4	4.767400ms	2	4.767400ms	5.250665478810923E-4	
86	335	5	6506	131	0	928430.0	null	null	null	null	0	928430.0	0	928430.0	1.7976931348623157E308	0.0	259us	30	259us	0.0	259us	30	259us	0.0	0s	0	0s	0.0	4.847700ms	101	4.847700ms	0.0	4.847700ms	101	4.847700ms	0.0	
87	341	5	6637	131	0	928430.0	null	null	null	null	0	928430.0	0	928430.0	1.7976931348623157E308	0.0	248us	30	248us	0.0	248us	30	248us	0.0	0s	0	0s	0.0	5.269400ms	101	5.269400ms	0.0	5.269400ms	101	5.269400ms	0.0	
88	347	5	6765	128	0	926276.0	null	null	null	null	0	926276.0	0	926276.0	1.7976931348623157E308	0.0	243.6us	30	243.6us	0.0	243.6us	30	243.6us	0.0	0s	0	0s	0.0	5.02ms	98	5.02ms	2.3673935392796797E-5	5.02ms	98	5.02ms	2.3673935392796797E-5	
89	352	5	6807	42	0	925197.0	null	null	null	null	0	925197.0	0	925197.0	1.7976931348623157E308	0.0	246.2us	30	246.2us	0.0	246.2us	30	246.2us	0.0	0s	0	0s	0.0	4.861300ms	12	4.861300ms	9.70732985272893E-5	4.861300ms	12	4.861300ms	9.70732985272893E-5	
90	358	5	6938	131	0	925197.0	null	null	null	null	0	925197.0	0	925197.0	1.7976931348623157E308	0.0	245.1us	30	245.1us	0.0	245.1us	30	245.1us	0.0	0s	0	0s	0.0	5.049ms	101	5.049ms	0.0	5.049ms	101	5.049ms	0.0	
91	363	5	7069	131	0	925197.0	null	null	null	null	0	925197.0	0	925197.0	1.7976931348623157E308	0.0	254.7us	30	254.7us	0.0	254.7us	30	254.7us	0.0	0s	0	0s	0.0	5.072800ms	101	5.072800ms	0.0	5.072800ms	101	5.072800ms	0.0	
92	369	5	7200	131	0	925197.0	null	null	null	null	0	925197.0	0	925197.0	1.7976931348623157E308	0.0	249.2us	30	249.2us	0.0	249.2us	30	249.2us	0.0	0s	0	0s	0.0	5.311100ms	101	5.311100ms	0.0	5.311100ms	101	5.311100ms	0.0	
93	375	5	7331	131	0	925197.0	null	null	null	null	0	925197.0	0	925197.0	1.7976931348623157E308	0.0	249.9us	30	249.9us	0.0	249.9us	30	249.9us	0.0	0s	0	0s	0.0	5.130300ms	101	5.130300ms	0.0	5.130300ms	101	5.130300ms	0.0	
94	381	5	7462	131	0	925197.0	null	null	null	null	0	925197.0	0	925197.0	1.7976931348623157E308	0.0	273.8us	30	273.8us	0.0	273.8us	30	273.8us	0.0	0s	0	0s	0.0	5.222300ms	101	5.222300ms	0.0	5.222300ms	101	5.222300ms	0.0	
95	386	5	7593	131	0	925197.0	null	null	null	null	0	925197.0	0	925197.0	1.7976931348623157E308	0.0	254.3us	30	254.3us	0.0	254.3us	30	254.3us	0.0	0s	0	0s	0.0	5.156500ms	101	5.156500ms	0.0	5.156500ms	101	5.156500ms	0.0	
96	392	5	7724	131	0	925197.0	null	null	null	null	0	925197.0	0	925197.0	1.7976931348623157E308	0.0	264.2us	30	264.2us	0.0	264.2us	30	264.2us	0.0	0s	0	0s	0.0	5.126900ms	101	5.126900ms	0.0	5.126900ms	101	5.126900ms	0.0	
97	398	5	7855	131	0	925197.0	null	null	null	null	0	925197.0	0	925197.0	1.7976931348623157E308	0.0	245.6us	30	245.6us	0.0	245.6us	30	245.6us	0.0	0s	0	0s	0.0	5.119900ms	101	5.119900ms	0.0	5.119900ms	101	5.119900ms	0.0	
98	404	5	7904	49	0	925197.0	null	null	null	null	0	925197.0	0	925197.0	1.7976931348623157E308	0.0	255.8us	30	255.8us	0.0	255.8us	30	255.8us	0.0	0s	0	0s	0.0	5.228300ms	19	5.228300ms	0.0	5.228300ms	19	5.228300ms	0.0	
99	410	5	8035	131	0	925197.0	null	null	null	null	0	925197.0	0	925197.0	1.7976931348623157E308	0.0	251.4us	30	251.4us	0.0	251.4us	30	251.4us	0.0	0s	0	0s	0.0	5.301900ms	101	5.301900ms	0.0	5.301900ms	101	5.301900ms	0.0	
100	415	5	8166	131	0	925197.0	null	null	null	null	0	925197.0	0	925197.0	1.7976931348623157E308	0.0	249.7us	30	249.7us	0.0	249.7us	30	249.7us	0.0	0s	0	0s	0.0	5.237ms	101	5.237ms	0.0	5.237ms	101	5.237ms	0.0	
101	422	6	8297	131	0	925197.0	null	null	null	null	0	925197.0	0	925197.0	1.7976931348623157E308	0.0	246us	30	246us	0.0	246us	30	246us	0.0	0s	0	0s	0.0	6.117800ms	101	6.117800ms	0.0	6.117800ms	101	6.117800ms	0.0	
102	428	5	8428	131	0	925197.0	null	null	null	null	0	925197.0	0	925197.0	1.7976931348623157E308	0.0	245.4us	30	245.4us	0.0	245.4us	30	245.4us	0.0	0s	0	0s	0.0	5.270300ms	101	5.270300ms	0.0	5.270300ms	101	5.270300ms	0.0	
103	434	6	8559	131	0	925197.0	null	null	null	null	0	925197.0	0	925197.0	1.7976931348623157E308	0.0	256.6us	30	256.6us	0.0	256.6us	30	256.6us	0.0	0s	0	0s	0.0	5.445800ms	101	5.445800ms	0.0	5.445800ms	101	5.445800ms	0.0	
104	440	5	8629	70	0	924527.0	null	null	null	null	0	924527.0	0	924527.0	1.7976931348623157E308	0.0	259.8us	30	259.8us	0.0	259.8us	30	259.8us	0.0	0s	0	0s	0.0	5.144500ms	40	5.144500ms	1.810425239165414E-5	5.144500ms	40	5.144500ms	1.810425239165414E-5	
105	446	6	8760	131	0	924527.0	null	null	null	null	0	924527.0	0	924527.0	1.7976931348623157E308	0.0	251.1us	30	251.1us	0.0	251.1us	30	251.1us	0.0	0s	0	0s	0.0	5.626ms	101	5.626ms	0.0	5.626ms	101	5.626ms	0.0	
106	452	5	8891	131	0	924527.0	null	null	null	null	0	924527.0	0	924527.0	1.7976931348623157E308	0.0	249.3us	30	249.3us	0.0	249.3us	30	249.3us	0.0	0s	0	0s	0.0	5.400300ms	101	5.400300ms	0.0	5.400300ms	101	5.400300ms	0.0	
107	458	5	8981	90	0	924379.0	null	null	null	null	0	924379.0	0	924379.0	1.7976931348623157E308	0.0	246.4us	30	246.4us	0.0	246.4us	30	246.4us	0.0	0s	0	0s	0.0	5.336400ms	60	5.336400ms	2.6680309679079824E-6	5.336400ms	60	5.336400ms	2.6680309679079824E-6	
108	464	6	9112	131	0	924379.0	null	null	null	null	0	924379.0	0	924379.0	1.7976931348623157E308	0.0	259.2us	30	259.2us	0.0	259.2us	30	259.2us	0.0	0s	0	0s	0.0	5.545900ms	101	5.545900ms	0.0	5.545900ms	101	5.545900ms	0.0	
109	470	6	9243	131	0	924379.0	null	null	null	null	0	924379.0	0	924379.0	1.7976931348623157E308	0.0	250.5us	30	250.5us	0.0	250.5us	30	250.5us	0.0	0s	0	0s	0.0	5.689300ms	101	5.689300ms	0.0	5.689300ms	101	5.689300ms	0.0	
110	477	6	9374	131	0	924379.0	null	null	null	null	0	924379.0	0	924379.0	1.7976931348623157E308	0.0	249.9us	30	249.9us	0.0	249.9us	30	249.9us	0.0	0s	0	0s	0.0	5.875900ms	101	5.875900ms	0.0	5.875900ms	101	5.875900ms	0.0	
111	483	6	9505	131	0	924379.0	null	null	null	null	0	924379.0	0	924379.0	1.7976931348623157E308	0.0	252.3us	30	252.3us	0.0	252.3us	30	252.3us	0.0	0s	0	0s	0.0	5.590300ms	101	5.590300ms	0.0	5.590300ms	101	5.590300ms	0.0	
112	489	6	9636	131	0	924379.0	null	null	null	null	0	924379.0	0	924379.0	1.7976931348623157E308	0.0	250.8us	30	250.8us	0.0	250.8us	30	250.8us	0.0	0s	0	0s	0.0	5.840100ms	101	5.840100ms	0.0	5.840100ms	101	5.840100ms	0.0	
113	495	6	9767	131	0	924379.0	null	null	null	null	0	924379.0	0	924379.0	1.7976931348623157E308	0.0	245.2us	30	245.2us	0.0	245.2us	30	245.2us	0.0	0s	0	0s	0.0	5.606300ms	101	5.606300ms	0.0	5.606300ms	101	5.606300ms	0.0	
114	502	6	9898	131	0	924379.0	null	null	null	null	0	924379.0	0	924379.0	1.7976931348623157E308	0.0	248.2us	30	248.2us	0.0	248.2us	30	248.2us	0.0	0s	0	0s	0.0	5.610600ms	101	5.610600ms	0.0	5.610600ms	101	5.610600ms	0.0	
115	508	6	10029	131	0	924379.0	null	null	null	null	0	924379.0	0	924379.0	1.7976931348623157E308	0.0	255.7us	30	255.7us	0.0	255.7us	30	255.7us	0.0	0s	0	0s	0.0	5.724ms	101	5.724ms	0.0	5.724ms	101	5.724ms	0.0	
116	514	6	10089	60	0	924379.0	null	null	null	null	0	924379.0	0	924379.0	1.7976931348623157E308	0.0	254.4us	30	254.4us	0.0	254.4us	30	254.4us	0.0	0s	0	0s	0.0	5.552300ms	30	5.552300ms	0.0	5.552300ms	30	5.552300ms	0.0	
117	520	6	10220	131	0	924379.0	null	null	null	null	0	924379.0	0	924379.0	1.7976931348623157E308	0.0	252.1us	30	252.1us	0.0	252.1us	30	252.1us	0.0	0s	0	0s	0.0	5.686500ms	101	5.686500ms	0.0	5.686500ms	101	5.686500ms	0.0	
118	527	6	10351	131	0	924379.0	null	null	null	null	0	924379.0	0	924379.0	1.7976931348623157E308	0.0	250.8us	30	250.8us	0.0	250.8us	30	250.8us	0.0	0s	0	0s	0.0	5.862900ms	101	5.862900ms	0.0	5.862900ms	101	5.862900ms	0.0	
119	533	6	10482	131	0	924379.0	null	null	null	null	0	924379.0	0	924379.0	1.7976931348623157E308	0.0	247us	30	247us	0.0	247us	30	247us	0.0	0s	0	0s	0.0	5.800600ms	101	5.800600ms	0.0	5.800600ms	101	5.800600ms	0.0	
120	540	6	10613	131	0	924379.0	null	null	null	null	0	924379.0	0	924379.0	1.7976931348623157E308	0.0	247.4us	30	247.4us	0.0	247.4us	30	247.4us	0.0	0s	0	0s	0.0	6.037600ms	101	6.037600ms	0.0	6.037600ms	101	6.037600ms	0.0	
121	546	6	10744	131	0	924379.0	null	null	null	null	0	924379.0	0	924379.0	1.7976931348623157E308	0.0	258.6us	30	258.6us	0.0	258.6us	30	258.6us	0.0	0s	0	0s	0.0	6.013100ms	101	6.013100ms	0.0	6.013100ms	101	6.013100ms	0.0	
122	553	7	10875	131	0	924379.0	null	null	null	null	0	924379.0	0	924379.0	1.7976931348623157E308	0.0	271us	30	271us	0.0	271us	30	271us	0.0	0s	0	0s	0.0	6.492900ms	101	6.492900ms	0.0	6.492900ms	101	6.492900ms	0.0	
123	560	6	11006	131	0	924379.0	null	null	null	null	0	924379.0	0	924379.0	1.7976931348623157E308	0.0	258.9us	30	258.9us	0.0	258.9us	30	258.9us	0.0	0s	0	0s	0.0	6.199900ms	101	6.199900ms	0.0	6.199900ms	101	6.199900ms	0.0	
124	567	6	11137	131	0	924379.0	null	null	null	null	0	924379.0	0	924379.0	1.7976931348623157E308	0.0	258.4us	30	258.4us	0.0	258.4us	30	258.4us	0.0	0s	0	0s	0.0	6.135200ms	101	6.135200ms	0.0	6.135200ms	101	6.135200ms	0.0	
125	573	6	11268	131	0	924379.0	null	null	null	null	0	924379.0	0	924379.0	1.7976931348623157E308	0.0	250us	30	250us	0.0	250us	30	250us	0.0	0s	0	0s	0.0	5.900600ms	101	5.900600ms	0.0	5.900600ms	101	5.900600ms	0.0	
126	580	6	11399	131	0	924379.0	null	null	null	null	0	924379.0	0	924379.0	1.7976931348623157E308	0.0	247us	30	247us	0.0	247us	30	247us	0.0	0s	0	0s	0.0	6.024700ms	101	6.024700ms	0.0	6.024700ms	101	6.024700ms	0.0	
127	587	6	11530	131	0	924172.0	null	null	null	null	0	924172.0	0	924172.0	1.7976931348623157E308	0.0	250.1us	30	250.1us	7.4644707419802E-6	250.1us	30	250.1us	7.4644707419802E-6	0s	0	0s	0.0	6.383ms	101	6.383ms	0.0	6.383ms	101	6.383ms	0.0	
128	594	6	11661	131	0	924172.0	null	null	null	null	0	924172.0	0	924172.0	1.7976931348623157E308	0.0	255.2us	30	255.2us	0.0	255.2us	30	255.2us	0.0	0s	0	0s	0.0	6.062600ms	101	6.062600ms	0.0	6.062600ms	101	6.062600ms	0.0	
129	600	6	11792	131	0	924172.0	null	null	null	null	0	924172.0	0	924172.0	1.7976931348623157E308	0.0	244.2us	30	244.2us	0.0	244.2us	30	244.2us	0.0	0s	0	0s	0.0	6.078400ms	101	6.078400ms	0.0	6.078400ms	101	6.078400ms	0.0	
130	607	6	11923	131	0	924165.0	null	null	null	null	0	924165.0	0	924165.0	1.7976931348623157E308	0.0	250.4us	30	250.4us	2.524782544070329E-7	250.4us	30	250.4us	2.524782544070329E-7	0s	0	0s	0.0	6.297100ms	101	6.297100ms	0.0	6.297100ms	101	6.297100ms	0.0	
131	614	6	12054	131	0	924165.0	null	null	null	null	0	924165.0	0	924165.0	1.7976931348623157E308	0.0	244.3us	30	244.3us	0.0	244.3us	30	244.3us	0.0	0s	0	0s	0.0	6.217200ms	101	6.217200ms	0.0	6.217200ms	101	6.217200ms	0.0	
132	621	6	12185	131	0	924165.0	null	null	null	null	0	924165.0	0	924165.0	1.7976931348623157E308	0.0	245.3us	30	245.3us	0.0	245.3us	30	245.3us	0.0	0s	0	0s	0.0	6.077800ms	101	6.077800ms	0.0	6.077800ms	101	6.077800ms	0.0	
133	627	6	12242	57	0	924165.0	null	null	null	null	0	924165.0	0	924165.0	1.7976931348623157E308	0.0	245.1us	30	245.1us	0.0	245.1us	30	245.1us	0.0	0s	0	0s	0.0	6.036700ms	27	6.036700ms	0.0	6.036700ms	27	6.036700ms	0.0	
134	634	6	12358	116	0	923124.0	null	null	null	null	0	923124.0	0	923124.0	1.7976931348623157E308	0.0	255.2us	30	255.2us	0.0	255.2us	30	255.2us	0.0	0s	0	0s	0.0	6.120800ms	86	6.120800ms	1.3097932904612115E-5	6.120800ms	86	6.120800ms	1.3097932904612115E-5	
135	641	6	12489	131	0	923124.0	null	null	null	null	0	923124.0	0	923124.0	1.7976931348623157E308	0.0	255us	30	255us	0.0	255us	30	255us	0.0	0s	0	0s	0.0	6.332100ms	101	6.332100ms	0.0	6.332100ms	101	6.332100ms	0.0	
136	648	6	12620	131	0	923124.0	null	null	null	null	0	923124.0	0	923124.0	1.7976931348623157E308	0.0	267.2us	30	267.2us	0.0	267.2us	30	267.2us	0.0	0s	0	0s	0.0	6.304700ms	101	6.304700ms	0.0	6.304700ms	101	6.304700ms	0.0	
137	657	9	12751	131	0	923124.0	null	null	null	null	0	923124.0	0	923124.0	1.7976931348623157E308	0.0	251.1us	30	251.1us	0.0	251.1us	30	251.1us	0.0	0s	0	0s	0.0	8.666300ms	101	8.666300ms	0.0	8.666300ms	101	8.666300ms	0.0	
138	664	7	12882	131	0	923124.0	null	null	null	null	0	923124.0	0	923124.0	1.7976931348623157E308	0.0	257.5us	30	257.5us	0.0	257.5us	30	257.5us	0.0	0s	0	0s	0.0	6.637900ms	101	6.637900ms	0.0	6.637900ms	101	6.637900ms	0.0	
139	671	7	13013	131	0	923124.0	null	null	null	null	0	923124.0	0	923124.0	1.7976931348623157E308	0.0	248.2us	30	248.2us	0.0	248.2us	30	248.2us	0.0	0s	0	0s	0.0	6.554400ms	101	6.554400ms	0.0	6.554400ms	101	6.554400ms	0.0	
140	679	8	13144	131	0	923124.0	null	null	null	null	0	923124.0	0	923124.0	1.7976931348623157E308	0.0	246.8us	30	246.8us	0.0	246.8us	30	246.8us	0.0	0s	0	0s	0.0	7.517800ms	101	7.517800ms	0.0	7.517800ms	101	7.517800ms	0.0	
141	687	7	13275	131	0	923124.0	null	null	null	null	0	923124.0	0	923124.0	1.7976931348623157E308	0.0	259.5us	30	259.5us	0.0	259.5us	30	259.5us	0.0	0s	0	0s	0.0	6.955600ms	101	6.955600ms	0.0	6.955600ms	101	6.955600ms	0.0	
142	694	7	13330	55	0	922549.0	null	null	null	null	0	922549.0	0	922549.0	1.7976931348623157E308	0.0	251.1us	30	251.1us	0.0	251.1us	30	251.1us	0.0	0s	0	0s	0.0	7.088200ms	25	7.088200ms	2.4915395981470745E-5	7.088200ms	25	7.088200ms	2.4915395981470745E-5	
143	702	7	13461	131	0	922549.0	null	null	null	null	0	922549.0	0	922549.0	1.7976931348623157E308	0.0	247.5us	30	247.5us	0.0	247.5us	30	247.5us	0.0	0s	0	0s	0.0	7.164400ms	101	7.164400ms	0.0	7.164400ms	101	7.164400ms	0.0	
144	710	7	13592	131	0	922549.0	null	null	null	null	0	922549.0	0	922549.0	1.7976931348623157E308	0.0	248.4us	30	248.4us	0.0	248.4us	30	248.4us	0.0	0s	0	0s	0.0	7.023900ms	101	7.023900ms	0.0	7.023900ms	101	7.023900ms	0.0	
145	717	7	13723	131	0	922549.0	null	null	null	null	0	922549.0	0	922549.0	1.7976931348623157E308	0.0	247.3us	30	247.3us	0.0	247.3us	30	247.3us	0.0	0s	0	0s	0.0	6.973900ms	101	6.973900ms	0.0	6.973900ms	101	6.973900ms	0.0	
146	725	7	13854	131	0	922549.0	null	null	null	null	0	922549.0	0	922549.0	1.7976931348623157E308	0.0	255.7us	30	255.7us	0.0	255.7us	30	255.7us	0.0	0s	0	0s	0.0	7.103300ms	101	7.103300ms	0.0	7.103300ms	101	7.103300ms	0.0	
147	733	7	13985	131	0	922549.0	null	null	null	null	0	922549.0	0	922549.0	1.7976931348623157E308	0.0	254us	30	254us	0.0	254us	30	254us	0.0	0s	0	0s	0.0	7.118ms	101	7.118ms	0.0	7.118ms	101	7.118ms	0.0	
148	740	7	14116	131	0	922549.0	null	null	null	null	0	922549.0	0	922549.0	1.7976931348623157E308	0.0	251.4us	30	251.4us	0.0	251.4us	30	251.4us	0.0	0s	0	0s	0.0	7.004500ms	101	7.004500ms	0.0	7.004500ms	101	7.004500ms	0.0	
149	748	7	14247	131	0	922549.0	null	null	null	null	0	922549.0	0	922549.0	1.7976931348623157E308	0.0	255.3us	30	255.3us	0.0	255.3us	30	255.3us	0.0	0s	0	0s	0.0	7.226600ms	101	7.226600ms	0.0	7.226600ms	101	7.226600ms	0.0	
150	756	7	14378	131	0	922549.0	null	null	null	null	0	922549.0	0	922549.0	1.7976931348623157E308	0.0	251us	30	251us	0.0	251us	30	251us	0.0	0s	0	0s	0.0	7.375ms	101	7.375ms	0.0	7.375ms	101	7.375ms	0.0	
151	763	7	14427	49	0	922549.0	null	null	null	null	0	922549.0	0	922549.0	1.7976931348623157E308	0.0	252.5us	30	252.5us	0.0	252.5us	30	252.5us	0.0	0s	0	0s	0.0	6.871300ms	19	6.871300ms	0.0	6.871300ms	19	6.871300ms	0.0	
152	771	7	14558	131	0	922549.0	null	null	null	null	0	922549.0	0	922549.0	1.7976931348623157E308	0.0	245us	30	245us	0.0	245us	30	245us	0.0	0s	0	0s	0.0	7.304900ms	101	7.304900ms	0.0	7.304900ms	101	7.304900ms	0.0	
153	779	7	14689	131	0	922549.0	null	null	null	null	0	922549.0	0	922549.0	1.7976931348623157E308	0.0	244.8us	30	244.8us	0.0	244.8us	30	244.8us	0.0	0s	0	0s	0.0	7.343700ms	101	7.343700ms	0.0	7.343700ms	101	7.343700ms	0.0	
154	787	7	14820	131	0	922549.0	null	null	null	null	0	922549.0	0	922549.0	1.7976931348623157E308	0.0	252.6us	30	252.6us	0.0	252.6us	30	252.6us	0.0	0s	0	0s	0.0	7.294400ms	101	7.294400ms	0.0	7.294400ms	101	7.294400ms	0.0	
155	795	7	14951	131	0	922549.0	null	null	null	null	0	922549.0	0	922549.0	1.7976931348623157E308	0.0	251us	30	251us	0.0	251us	30	251us	0.0	0s	0	0s	0.0	7.270900ms	101	7.270900ms	0.0	7.270900ms	101	7.270900ms	0.0	
156	803	8	15082	131	0	922549.0	null	null	null	null	0	922549.0	0	922549.0	1.7976931348623157E308	0.0	247.8us	30	247.8us	0.0	247.8us	30	247.8us	0.0	0s	0	0s	0.0	7.421600ms	101	7.421600ms	0.0	7.421600ms	101	7.421600ms	0.0	
157	811	7	15213	131	0	922549.0	null	null	null	null	0	922549.0	0	922549.0	1.7976931348623157E308	0.0	249.4us	30	249.4us	0.0	249.4us	30	249.4us	0.0	0s	0	0s	0.0	7.309300ms	101	7.309300ms	0.0	7.309300ms	101	7.309300ms	0.0	
158	819	8	15344	131	0	922549.0	null	null	null	null	0	922549.0	0	922549.0	1.7976931348623157E308	0.0	256.7us	30	256.7us	0.0	256.7us	30	256.7us	0.0	0s	0	0s	0.0	7.523200ms	101	7.523200ms	0.0	7.523200ms	101	7.523200ms	0.0	
159	827	8	15475	131	0	922549.0	null	null	null	null	0	922549.0	0	922549.0	1.7976931348623157E308	0.0	258.5us	30	258.5us	0.0	258.5us	30	258.5us	0.0	0s	0	0s	0.0	7.446400ms	101	7.446400ms	0.0	7.446400ms	101	7.446400ms	0.0	
160	835	8	15606	131	0	922549.0	null	null	null	null	0	922549.0	0	922549.0	1.7976931348623157E308	0.0	252.3us	30	252.3us	0.0	252.3us	30	252.3us	0.0	0s	0	0s	0.0	7.482200ms	101	7.482200ms	0.0	7.482200ms	101	7.482200ms	0.0	
161	844	8	15737	131	0	922549.0	null	null	null	null	0	922549.0	0	922549.0	1.7976931348623157E308	0.0	258us	30	258us	0.0	258us	30	258us	0.0	0s	0	0s	0.0	8.166800ms	101	8.166800ms	0.0	8.166800ms	101	8.166800ms	0.0	
162	852	8	15868	131	0	922549.0	null	null	null	null	0	922549.0	0	922549.0	1.7976931348623157E308	0.0	250.6us	30	250.6us	0.0	250.6us	30	250.6us	0.0	0s	0	0s	0.0	7.484600ms	101	7.484600ms	0.0	7.484600ms	101	7.484600ms	0.0	
163	860	8	15999	131	0	922549.0	null	null	null	null	0	922549.0	0	922549.0	1.7976931348623157E308	0.0	246.3us	30	246.3us	0.0	246.3us	30	246.3us	0.0	0s	0	0s	0.0	7.541600ms	101	7.541600ms	0.0	7.541600ms	101	7.541600ms	0.0	
164	868	8	16130	131	0	922549.0	null	null	null	null	0	922549.0	0	922549.0	1.7976931348623157E308	0.0	245.6us	30	245.6us	0.0	245.6us	30	245.6us	0.0	0s	0	0s	0.0	7.727300ms	101	7.727300ms	0.0	7.727300ms	101	7.727300ms	0.0	
165	876	8	16261	131	0	922549.0	null	null	null	null	0	922549.0	0	922549.0	1.7976931348623157E308	0.0	246.9us	30	246.9us	0.0	246.9us	30	246.9us	0.0	0s	0	0s	0.0	7.588500ms	101	7.588500ms	0.0	7.588500ms	101	7.588500ms	0.0	
166	885	8	16392	131	0	922549.0	null	null	null	null	0	922549.0	0	922549.0	1.7976931348623157E308	0.0	257.6us	30	257.6us	0.0	257.6us	30	257.6us	0.0	0s	0	0s	0.0	7.587ms	101	7.587ms	0.0	7.587ms	101	7.587ms	0.0	
167	893	8	16523	131	0	922549.0	null	null	null	null	0	922549.0	0	922549.0	1.7976931348623157E308	0.0	255us	30	255us	0.0	255us	30	255us	0.0	0s	0	0s	0.0	7.792700ms	101	7.792700ms	0.0	7.792700ms	101	7.792700ms	0.0	
168	901	8	16580	57	0	922549.0	null	null	null	null	0	922549.0	0	922549.0	1.7976931348623157E308	0.0	249.1us	30	249.1us	0.0	249.1us	30	249.1us	0.0	0s	0	0s	0.0	7.546600ms	27	7.546600ms	0.0	7.546600ms	27	7.546600ms	0.0	
169	910	8	16711	131	0	922549.0	null	null	null	null	0	922549.0	0	922549.0	1.7976931348623157E308	0.0	247.7us	30	247.7us	0.0	247.7us	30	247.7us	0.0	0s	0	0s	0.0	7.823300ms	101	7.823300ms	0.0	7.823300ms	101	7.823300ms	0.0	
170	918	8	16842	131	0	922549.0	null	null	null	null	0	922549.0	0	922549.0	1.7976931348623157E308	0.0	247.8us	30	247.8us	0.0	247.8us	30	247.8us	0.0	0s	0	0s	0.0	7.812900ms	101	7.812900ms	0.0	7.812900ms	101	7.812900ms	0.0	
171	926	8	16973	131	0	922549.0	null	null	null	null	0	922549.0	0	922549.0	1.7976931348623157E308	0.0	257.8us	30	257.8us	0.0	257.8us	30	257.8us	0.0	0s	0	0s	0.0	7.799300ms	101	7.799300ms	0.0	7.799300ms	101	7.799300ms	0.0	
172	935	8	17104	131	0	922549.0	null	null	null	null	0	922549.0	0	922549.0	1.7976931348623157E308	0.0	243.7us	30	243.7us	0.0	243.7us	30	243.7us	0.0	0s	0	0s	0.0	8.086600ms	101	8.086600ms	0.0	8.086600ms	101	8.086600ms	0.0	
173	943	8	17235	131	0	922549.0	null	null	null	null	0	922549.0	0	922549.0	1.7976931348623157E308	0.0	247.5us	30	247.5us	0.0	247.5us	30	247.5us	0.0	0s	0	0s	0.0	7.910200ms	101	7.910200ms	0.0	7.910200ms	101	7.910200ms	0.0	
174	952	8	17366	131	0	922549.0	null	null	null	null	0	922549.0	0	922549.0	1.7976931348623157E308	0.0	246.1us	30	246.1us	0.0	246.1us	30	246.1us	0.0	0s	0	0s	0.0	7.974600ms	101	7.974600ms	0.0	7.974600ms	101	7.974600ms	0.0	
175	961	8	17497	131	0	922549.0	null	null	null	null	0	922549.0	0	922549.0	1.7976931348623157E308	0.0	244.7us	30	244.7us	0.0	244.7us	30	244.7us	0.0	0s	0	0s	0.0	7.959100ms	101	7.959100ms	0.0	7.959100ms	101	7.959100ms	0.0	
176	969	8	17628	131	0	922549.0	null	null	null	null	0	922549.0	0	922549.0	1.7976931348623157E308	0.0	247.1us	30	247.1us	0.0	247.1us	30	247.1us	0.0	0s	0	0s	0.0	7.926700ms	101	7.926700ms	0.0	7.926700ms	101	7.926700ms	0.0	
177	978	8	17759	131	0	922549.0	null	null	null	null	0	922549.0	0	922549.0	1.7976931348623157E308	0.0	247.2us	30	247.2us	0.0	247.2us	30	247.2us	0.0	0s	0	0s	0.0	8.271600ms	101	8.271600ms	0.0	8.271600ms	101	8.271600ms	0.0	
178	987	8	17890	131	0	922549.0	null	null	null	null	0	922549.0	0	922549.0	1.7976931348623157E308	0.0	260.2us	30	260.2us	0.0	260.2us	30	260.2us	0.0	0s	0	0s	0.0	8.137700ms	101	8.137700ms	0.0	8.137700ms	101	8.137700ms	0.0	
179	996	9	18021	131	0	922549.0	null	null	null	null	0	922549.0	0	922549.0	1.7976931348623157E308	0.0	267.2us	30	267.2us	0.0	267.2us	30	267.2us	0.0	0s	0	0s	0.0	9.124800ms	101	9.124800ms	0.0	9.124800ms	101	9.124800ms	0.0	
180	1005	8	18152	131	0	922549.0	null	null	null	null	0	922549.0	0	922549.0	1.7976931348623157E308	0.0	253.4us	30	253.4us	0.0	253.4us	30	253.4us	0.0	0s	0	0s	0.0	8.147400ms	101	8.147400ms	0.0	8.147400ms	101	8.147400ms	0.0	
181	1014	8	18283	131	0	922549.0	null	null	null	null	0	922549.0	0	922549.0	1.7976931348623157E308	0.0	254.3us	30	254.3us	0.0	254.3us	30	254.3us	0.0	0s	0	0s	0.0	8.268200ms	101	8.268200ms	0.0	8.268200ms	101	8.268200ms	0.0	
182	1024	10	18414	131	0	922549.0	null	null	null	null	0	922549.0	0	922549.0	1.7976931348623157E308	0.0	256.4us	30	256.4us	0.0	256.4us	30	256.4us	0.0	0s	0	0s	0.0	9.509300ms	101	9.509300ms	0.0	9.509300ms	101	9.509300ms	0.0	
183	1033	9	18545	131	0	922549.0	null	null	null	null	0	922549.0	0	922549.0	1.7976931348623157E308	0.0	251.7us	30	251.7us	0.0	251.7us	30	251.7us	0.0	0s	0	0s	0.0	8.686200ms	101	8.686200ms	0.0	8.686200ms	101	8.686200ms	0.0	
184	1042	9	18676	131	0	922549.0	null	null	null	null	0	922549.0	0	922549.0	1.7976931348623157E308	0.0	252.3us	30	252.3us	0.0	252.3us	30	252.3us	0.0	0s	0	0s	0.0	8.583600ms	101	8.583600ms	0.0	8.583600ms	101	8.583600ms	0.0	
185	1051	8	18733	57	0	922549.0	null	null	null	null	0	922549.0	0	922549.0	1.7976931348623157E308	0.0	258us	30	258us	0.0	258us	30	258us	0.0	0s	0	0s	0.0	8.147500ms	27	8.147500ms	0.0	8.147500ms	27	8.147500ms	0.0	
186	1060	8	18864	131	0	922549.0	null	null	null	null	0	922549.0	0	922549.0	1.7976931348623157E308	0.0	254.3us	30	254.3us	0.0	254.3us	30	254.3us	0.0	0s	0	0s	0.0	8.197600ms	101	8.197600ms	0.0	8.197600ms	101	8.197600ms	0.0	
187	1069	8	18995	131	0	922549.0	null	null	null	null	0	922549.0	0	922549.0	1.7976931348623157E308	0.0	250.3us	30	250.3us	0.0	250.3us	30	250.3us	0.0	0s	0	0s	0.0	8.333200ms	101	8.333200ms	0.0	8.333200ms	101	8.333200ms	0.0	
188	1077	8	19126	131	0	922549.0	null	null	null	null	0	922549.0	0	922549.0	1.7976931348623157E308	0.0	246.5us	30	246.5us	0.0	246.5us	30	246.5us	0.0	0s	0	0s	0.0	8.267200ms	101	8.267200ms	0.0	8.267200ms	101	8.267200ms	0.0	
189	1086	8	19257	131	0	922549.0	null	null	null	null	0	922549.0	0	922549.0	1.7976931348623157E308	0.0	246.3us	30	246.3us	0.0	246.3us	30	246.3us	0.0	0s	0	0s	0.0	8.179200ms	101	8.179200ms	0.0	8.179200ms	101	8.179200ms	0.0	
190	1095	8	19388	131	0	922549.0	null	null	null	null	0	922549.0	0	922549.0	1.7976931348623157E308	0.0	247.4us	30	247.4us	0.0	247.4us	30	247.4us	0.0	0s	0	0s	0.0	8.258900ms	101	8.258900ms	0.0	8.258900ms	101	8.258900ms	0.0	
191	1104	9	19519	131	0	922549.0	null	null	null	null	0	922549.0	0	922549.0	1.7976931348623157E308	0.0	257.8us	30	257.8us	0.0	257.8us	30	257.8us	0.0	0s	0	0s	0.0	8.512600ms	101	8.512600ms	0.0	8.512600ms	101	8.512600ms	0.0	
192	1115	11	19650	131	0	922549.0	null	null	null	null	0	922549.0	0	922549.0	1.7976931348623157E308	0.0	265.3us	30	265.3us	0.0	265.3us	30	265.3us	0.0	0s	0	0s	0.0	10.556200ms	101	10.556200ms	0.0	10.556200ms	101	10.556200ms	0.0	
193	1124	9	19781	131	0	922549.0	null	null	null	null	0	922549.0	0	922549.0	1.7976931348623157E308	0.0	244.5us	30	244.5us	0.0	244.5us	30	244.5us	0.0	0s	0	0s	0.0	8.654800ms	101	8.654800ms	0.0	8.654800ms	101	8.654800ms	0.0	
194	1133	9	19912	131	0	922549.0	null	null	null	null	0	922549.0	0	922549.0	1.7976931348623157E308	0.0	255.7us	30	255.7us	0.0	255.7us	30	255.7us	0.0	0s	0	0s	0.0	8.518700ms	101	8.518700ms	0.0	8.518700ms	101	8.518700ms	0.0	
195	1143	9	20043	131	0	922549.0	null	null	null	null	0	922549.0	0	922549.0	1.7976931348623157E308	0.0	255.2us	30	255.2us	0.0	255.2us	30	255.2us	0.0	0s	0	0s	0.0	8.533200ms	101	8.533200ms	0.0	8.533200ms	101	8.533200ms	0.0	
196	1152	9	20174	131	0	922549.0	null	null	null	null	0	922549.0	0	922549.0	1.7976931348623157E308	0.0	255.7us	30	255.7us	0.0	255.7us	30	255.7us	0.0	0s	0	0s	0.0	8.710100ms	101	8.710100ms	0.0	8.710100ms	101	8.710100ms	0.0	
197	1161	9	20305	131	0	922549.0	null	null	null	null	0	922549.0	0	922549.0	1.7976931348623157E308	0.0	257.1us	30	257.1us	0.0	257.1us	30	257.1us	0.0	0s	0	0s	0.0	8.998100ms	101	8.998100ms	0.0	8.998100ms	101	8.998100ms	0.0	
198	1171	9	20436	131	0	922549.0	null	null	null	null	0	922549.0	0	922549.0	1.7976931348623157E308	0.0	247.9us	30	247.9us	0.0	247.9us	30	247.9us	0.0	0s	0	0s	0.0	9.157600ms	101	9.157600ms	0.0	9.157600ms	101	9.157600ms	0.0	
199	1180	9	20567	131	0	922549.0	null	null	null	null	0	922549.0	0	922549.0	1.7976931348623157E308	0.0	253.1us	30	253.1us	0.0	253.1us	30	253.1us	0.0	0s	0	0s	0.0	8.522200ms	101	8.522200ms	0.0	8.522200ms	101	8.522200ms	0.0	
200	1190	9	20698	131	0	922549.0	null	null	null	null	0	922549.0	0	922549.0	1.7976931348623157E308	0.0	255.4us	30	255.4us	0.0	255.4us	30	255.4us	0.0	0s	0	0s	0.0	8.713500ms	101	8.713500ms	0.0	8.713500ms	101	8.713500ms	0.0	
201	1199	9	20829	131	0	922549.0	null	null	null	null	0	922549.0	0	922549.0	1.7976931348623157E308	0.0	256us	30	256us	0.0	256us	30	256us	0.0	0s	0	0s	0.0	8.777300ms	101	8.777300ms	0.0	8.777300ms	101	8.777300ms	0.0	
202	1209	9	20886	57	0	922549.0	null	null	null	null	0	922549.0	0	922549.0	1.7976931348623157E308	0.0	247.2us	30	247.2us	0.0	247.2us	30	247.2us	0.0	0s	0	0s	0.0	9.390300ms	27	9.390300ms	0.0	9.390300ms	27	9.390300ms	0.0	
203	1218	9	21017	131	0	922549.0	null	null	null	null	0	922549.0	0	922549.0	1.7976931348623157E308	0.0	245.3us	30	245.3us	0.0	245.3us	30	245.3us	0.0	0s	0	0s	0.0	8.670700ms	101	8.670700ms	0.0	8.670700ms	101	8.670700ms	0.0	
204	1227	9	21148	131	0	922549.0	null	null	null	null	0	922549.0	0	922549.0	1.7976931348623157E308	0.0	257.4us	30	257.4us	0.0	257.4us	30	257.4us	0.0	0s	0	0s	0.0	8.830500ms	101	8.830500ms	0.0	8.830500ms	101	8.830500ms	0.0	
205	1237	9	21279	131	0	922549.0	null	null	null	null	0	922549.0	0	922549.0	1.7976931348623157E308	0.0	253.2us	30	253.2us	0.0	253.2us	30	253.2us	0.0	0s	0	0s	0.0	9.042100ms	101	9.042100ms	0.0	9.042100ms	101	9.042100ms	0.0	
206	1246	9	21410	131	0	922549.0	null	null	null	null	0	922549.0	0	922549.0	1.7976931348623157E308	0.0	255.3us	30	255.3us	0.0	255.3us	30	255.3us	0.0	0s	0	0s	0.0	8.854ms	101	8.854ms	0.0	8.854ms	101	8.854ms	0.0	
207	1256	9	21541	131	0	922549.0	null	null	null	null	0	922549.0	0	922549.0	1.7976931348623157E308	0.0	252us	30	252us	0.0	252us	30	252us	0.0	0s	0	0s	0.0	8.950900ms	101	8.950900ms	0.0	8.950900ms	101	8.950900ms	0.0	
208	1265	9	21672	131	0	922549.0	null	null	null	null	0	922549.0	0	922549.0	1.7976931348623157E308	0.0	247.7us	30	247.7us	0.0	247.7us	30	247.7us	0.0	0s	0	0s	0.0	8.920600ms	101	8.920600ms	0.0	8.920600ms	101	8.920600ms	0.0	
209	1275	9	21803	131	0	922549.0	null	null	null	null	0	922549.0	0	922549.0	1.7976931348623157E308	0.0	245.8us	30	245.8us	0.0	245.8us	30	245.8us	0.0	0s	0	0s	0.0	8.985600ms	101	8.985600ms	0.0	8.985600ms	101	8.985600ms	0.0	
210	1285	9	21934	131	0	922549.0	null	null	null	null	0	922549.0	0	922549.0	1.7976931348623157E308	0.0	248.9us	30	248.9us	0.0	248.9us	30	248.9us	0.0	0s	0	0s	0.0	9.049ms	101	9.049ms	0.0	9.049ms	101	9.049ms	0.0	
211	1294	9	22065	131	0	922549.0	null	null	null	null	0	922549.0	0	922549.0	1.7976931348623157E308	0.0	257.7us	30	257.7us	0.0	257.7us	30	257.7us	0.0	0s	0	0s	0.0	9.146200ms	101	9.146200ms	0.0	9.146200ms	101	9.146200ms	0.0	
212	1304	9	22196	131	0	922549.0	null	null	null	null	0	922549.0	0	922549.0	1.7976931348623157E308	0.0	260.6us	30	260.6us	0.0	260.6us	30	260.6us	0.0	0s	0	0s	0.0	9.354100ms	101	9.354100ms	0.0	9.354100ms	101	9.354100ms	0.0	
213	1314	9	22327	131	0	922549.0	null	null	null	null	0	922549.0	0	922549.0	1.7976931348623157E308	0.0	243us	30	243us	0.0	243us	30	243us	0.0	0s	0	0s	0.0	9.051200ms	101	9.051200ms	0.0	9.051200ms	101	9.051200ms	0.0	
214	1324	9	22458	131	0	922549.0	null	null	null	null	0	922549.0	0	922549.0	1.7976931348623157E308	0.0	256.7us	30	256.7us	0.0	256.7us	30	256.7us	0.0	0s	0	0s	0.0	9.298ms	101	9.298ms	0.0	9.298ms	101	9.298ms	0.0	
215	1334	9	22589	131	0	922549.0	null	null	null	null	0	922549.0	0	922549.0	1.7976931348623157E308	0.0	257.4us	30	257.4us	0.0	257.4us	30	257.4us	0.0	0s	0	0s	0.0	9.201500ms	101	9.201500ms	0.0	9.201500ms	101	9.201500ms	0.0	
216	1343	9	22720	131	0	922549.0	null	null	null	null	0	922549.0	0	922549.0	1.7976931348623157E308	0.0	255.5us	30	255.5us	0.0	255.5us	30	255.5us	0.0	0s	0	0s	0.0	9.201600ms	101	9.201600ms	0.0	9.201600ms	101	9.201600ms	0.0	
217	1354	10	22851	131	0	922549.0	null	null	null	null	0	922549.0	0	922549.0	1.7976931348623157E308	0.0	255us	30	255us	0.0	255us	30	255us	0.0	0s	0	0s	0.0	10.277400ms	101	10.277400ms	0.0	10.277400ms	101	10.277400ms	0.0	
218	1364	9	22982	131	0	922549.0	null	null	null	null	0	922549.0	0	922549.0	1.7976931348623157E308	0.0	259.9us	30	259.9us	0.0	259.9us	30	259.9us	0.0	0s	0	0s	0.0	9.177200ms	101	9.177200ms	0.0	9.177200ms	101	9.177200ms	0.0	
219	1374	9	23039	57	0	917648.0	null	null	null	null	0	917648.0	0	917648.0	1.7976931348623157E308	0.0	254us	30	254us	1.770818316064145E-4	254us	30	254us	1.770818316064145E-4	0s	0	0s	0.0	9.390300ms	27	9.390300ms	0.0	9.390300ms	27	9.390300ms	0.0	
220	1384	9	23170	131	0	917648.0	null	null	null	null	0	917648.0	0	917648.0	1.7976931348623157E308	0.0	252.5us	30	252.5us	0.0	252.5us	30	252.5us	0.0	0s	0	0s	0.0	9.165300ms	101	9.165300ms	0.0	9.165300ms	101	9.165300ms	0.0	
221	1394	9	23301	131	0	917648.0	null	null	null	null	0	917648.0	0	917648.0	1.7976931348623157E308	0.0	249.3us	30	249.3us	0.0	249.3us	30	249.3us	0.0	0s	0	0s	0.0	9.334300ms	101	9.334300ms	0.0	9.334300ms	101	9.334300ms	0.0	
222	1404	10	23346	45	0	913536.0	null	null	null	null	0	913536.0	0	913536.0	1.7976931348623157E308	0.0	263.2us	30	263.2us	0.0	263.2us	30	263.2us	0.0	0s	0	0s	0.0	9.397ms	15	9.397ms	2.98734736340441E-4	9.397ms	15	9.397ms	2.98734736340441E-4	
223	1413	9	23477	131	0	913536.0	null	null	null	null	0	913536.0	0	913536.0	1.7976931348623157E308	0.0	251.1us	30	251.1us	0.0	251.1us	30	251.1us	0.0	0s	0	0s	0.0	9.035800ms	101	9.035800ms	0.0	9.035800ms	101	9.035800ms	0.0	
224	1424	10	23608	131	0	913536.0	null	null	null	null	0	913536.0	0	913536.0	1.7976931348623157E308	0.0	1.352800ms	30	1.352800ms	0.0	1.352800ms	30	1.352800ms	0.0	0s	0	0s	0.0	9.079900ms	101	9.079900ms	0.0	9.079900ms	101	9.079900ms	0.0	
225	1434	9	23724	116	0	906844.0	null	null	null	null	0	906844.0	0	906844.0	1.7976931348623157E308	0.0	251.2us	30	251.2us	0.0	251.2us	30	251.2us	0.0	0s	0	0s	0.0	9.048600ms	86	9.048600ms	8.517885829170614E-5	9.048600ms	86	9.048600ms	8.517885829170614E-5	
226	1443	9	23758	34	0	899828.0	null	null	null	null	0	899828.0	0	899828.0	1.7976931348623157E308	0.0	250.3us	30	250.3us	0.0	250.3us	30	250.3us	0.0	0s	0	0s	0.0	8.878900ms	4	8.878900ms	0.0019341805205746465	8.878900ms	4	8.878900ms	0.0019341805205746465	
227	1453	9	23889	131	0	899828.0	null	null	null	null	0	899828.0	0	899828.0	1.7976931348623157E308	0.0	246.7us	30	246.7us	0.0	246.7us	30	246.7us	0.0	0s	0	0s	0.0	9.477800ms	101	9.477800ms	0.0	9.477800ms	101	9.477800ms	0.0	
228	1463	9	24020	131	0	899828.0	null	null	null	null	0	899828.0	0	899828.0	1.7976931348623157E308	0.0	244.4us	30	244.4us	0.0	244.4us	30	244.4us	0.0	0s	0	0s	0.0	9.311300ms	101	9.311300ms	0.0	9.311300ms	101	9.311300ms	0.0	
229	1473	9	24074	54	0	899346.0	null	null	null	null	0	899346.0	0	899346.0	1.7976931348623157E308	0.0	256.2us	30	256.2us	0.0	256.2us	30	256.2us	0.0	0s	0	0s	0.0	9.067200ms	24	9.067200ms	2.2319080239039762E-5	9.067200ms	24	9.067200ms	2.2319080239039762E-5	
230	1483	10	24205	131	0	899346.0	null	null	null	null	0	899346.0	0	899346.0	1.7976931348623157E308	0.0	261.7us	30	261.7us	0.0	261.7us	30	261.7us	0.0	0s	0	0s	0.0	9.683400ms	101	9.683400ms	0.0	9.683400ms	101	9.683400ms	0.0	
231	1493	10	24336	131	0	899346.0	null	null	null	null	0	899346.0	0	899346.0	1.7976931348623157E308	0.0	255.1us	30	255.1us	0.0	255.1us	30	255.1us	0.0	0s	0	0s	0.0	9.512800ms	101	9.512800ms	0.0	9.512800ms	101	9.512800ms	0.0	
232	1503	9	24467	131	0	899346.0	null	null	null	null	0	899346.0	0	899346.0	1.7976931348623157E308	0.0	248.2us	30	248.2us	0.0	248.2us	30	248.2us	0.0	0s	0	0s	0.0	9.165600ms	101	9.165600ms	0.0	9.165600ms	101	9.165600ms	0.0	
233	1513	9	24598	131	0	899346.0	null	null	null	null	0	899346.0	0	899346.0	1.7976931348623157E308	0.0	246.6us	30	246.6us	0.0	246.6us	30	246.6us	0.0	0s	0	0s	0.0	9.307700ms	101	9.307700ms	0.0	9.307700ms	101	9.307700ms	0.0	
234	1522	9	24729	131	0	899346.0	null	null	null	null	0	899346.0	0	899346.0	1.7976931348623157E308	0.0	246.1us	30	246.1us	0.0	246.1us	30	246.1us	0.0	0s	0	0s	0.0	9.041ms	101	9.041ms	0.0	9.041ms	101	9.041ms	0.0	
235	1532	9	24802	73	0	894790.0	null	null	null	null	0	894790.0	0	894790.0	1.7976931348623157E308	0.0	255.5us	30	255.5us	0.0	255.5us	30	255.5us	0.0	0s	0	0s	0.0	8.940600ms	43	8.940600ms	1.1781170803238592E-4	8.940600ms	43	8.940600ms	1.1781170803238592E-4	
236	1541	9	24864	62	0	892417.0	null	null	null	null	0	892417.0	0	892417.0	1.7976931348623157E308	0.0	251.2us	30	251.2us	0.0	251.2us	30	251.2us	0.0	0s	0	0s	0.0	8.831ms	32	8.831ms	8.287559092077373E-5	8.831ms	32	8.831ms	8.287559092077373E-5	
237	1551	9	24995	131	0	892417.0	null	null	null	null	0	892417.0	0	892417.0	1.7976931348623157E308	0.0	250.3us	30	250.3us	0.0	250.3us	30	250.3us	0.0	0s	0	0s	0.0	9.149300ms	101	9.149300ms	0.0	9.149300ms	101	9.149300ms	0.0	
238	1561	9	25060	65	0	891825.0	null	null	null	null	0	891825.0	0	891825.0	1.7976931348623157E308	0.0	254.7us	30	254.7us	0.0	254.7us	30	254.7us	0.0	0s	0	0s	0.0	8.960800ms	35	8.960800ms	1.8953343240084893E-5	8.960800ms	35	8.960800ms	1.8953343240084893E-5	
239	1570	9	25191	131	0	891825.0	null	null	null	null	0	891825.0	0	891825.0	1.7976931348623157E308	0.0	260.7us	30	260.7us	0.0	260.7us	30	260.7us	0.0	0s	0	0s	0.0	9.266ms	101	9.266ms	0.0	9.266ms	101	9.266ms	0.0	
240	1580	9	25319	128	0	889015.0	null	null	null	null	0	889015.0	0	889015.0	1.7976931348623157E308	0.0	247.1us	30	247.1us	1.0502807912613488E-4	247.1us	30	247.1us	1.0502807912613488E-4	0s	0	0s	0.0	9.246600ms	98	9.246600ms	0.0	9.246600ms	98	9.246600ms	0.0	
241	1590	9	25450	131	0	889015.0	null	null	null	null	0	889015.0	0	889015.0	1.7976931348623157E308	0.0	322.2us	30	322.2us	0.0	322.2us	30	322.2us	0.0	0s	0	0s	0.0	8.963800ms	101	8.963800ms	0.0	8.963800ms	101	8.963800ms	0.0	
242	1599	9	25581	131	0	889015.0	null	null	null	null	0	889015.0	0	889015.0	1.7976931348623157E308	0.0	256.7us	30	256.7us	0.0	256.7us	30	256.7us	0.0	0s	0	0s	0.0	9.016500ms	101	9.016500ms	0.0	9.016500ms	101	9.016500ms	0.0	
243	1609	9	25657	76	0	881029.0	null	null	null	null	0	881029.0	0	881029.0	1.7976931348623157E308	0.0	251.8us	30	251.8us	1.1255477854423083E-4	251.8us	30	251.8us	1.1255477854423083E-4	0s	0	0s	0.0	8.976600ms	46	8.976600ms	1.2228971536402413E-4	8.976600ms	46	8.976600ms	1.2228971536402413E-4	
244	1619	9	25788	131	0	881029.0	null	null	null	null	0	881029.0	0	881029.0	1.7976931348623157E308	0.0	246.2us	30	246.2us	0.0	246.2us	30	246.2us	0.0	0s	0	0s	0.0	8.969500ms	101	8.969500ms	0.0	8.969500ms	101	8.969500ms	0.0	
245	1629	10	25919	131	0	881029.0	null	null	null	null	0	881029.0	0	881029.0	1.7976931348623157E308	0.0	244.3us	30	244.3us	0.0	244.3us	30	244.3us	0.0	0s	0	0s	0.0	9.774500ms	101	9.774500ms	0.0	9.774500ms	101	9.774500ms	0.0	
246	1639	9	26050	131	0	881029.0	null	null	null	null	0	881029.0	0	881029.0	1.7976931348623157E308	0.0	252.4us	30	252.4us	0.0	252.4us	30	252.4us	0.0	0s	0	0s	0.0	9.166700ms	101	9.166700ms	0.0	9.166700ms	101	9.166700ms	0.0	
247	1648	9	26181	131	0	881029.0	null	null	null	null	0	881029.0	0	881029.0	1.7976931348623157E308	0.0	252us	30	252us	0.0	252us	30	252us	0.0	0s	0	0s	0.0	9.303100ms	101	9.303100ms	0.0	9.303100ms	101	9.303100ms	0.0	
248	1658	9	26312	131	0	879020.0	null	null	null	null	0	879020.0	0	879020.0	1.7976931348623157E308	0.0	261.2us	30	261.2us	7.600960543485691E-5	261.2us	30	261.2us	7.600960543485691E-5	0s	0	0s	0.0	9.323200ms	101	9.323200ms	0.0	9.323200ms	101	9.323200ms	0.0	
249	1668	9	26443	131	0	879020.0	null	null	null	null	0	879020.0	0	879020.0	1.7976931348623157E308	0.0	246.8us	30	246.8us	0.0	246.8us	30	246.8us	0.0	0s	0	0s	0.0	9.057400ms	101	9.057400ms	0.0	9.057400ms	101	9.057400ms	0.0	
250	1678	9	26574	131	0	879020.0	null	null	null	null	0	879020.0	0	879020.0	1.7976931348623157E308	0.0	258.4us	30	258.4us	0.0	258.4us	30	258.4us	0.0	0s	0	0s	0.0	9.116ms	101	9.116ms	0.0	9.116ms	101	9.116ms	0.0	
251	1687	9	26705	131	0	879020.0	null	null	null	null	0	879020.0	0	879020.0	1.7976931348623157E308	0.0	257.4us	30	257.4us	0.0	257.4us	30	257.4us	0.0	0s	0	0s	0.0	9.162600ms	101	9.162600ms	0.0	9.162600ms	101	9.162600ms	0.0	
252	1697	10	26836	131	0	879020.0	null	null	null	null	0	879020.0	0	879020.0	1.7976931348623157E308	0.0	255.6us	30	255.6us	0.0	255.6us	30	255.6us	0.0	0s	0	0s	0.0	9.397ms	101	9.397ms	0.0	9.397ms	101	9.397ms	0.0	
253	1707	9	26967	131	0	879020.0	null	null	null	null	0	879020.0	0	879020.0	1.7976931348623157E308	0.0	255.1us	30	255.1us	0.0	255.1us	30	255.1us	0.0	0s	0	0s	0.0	9.371300ms	101	9.371300ms	0.0	9.371300ms	101	9.371300ms	0.0	
254	1717	9	27098	131	0	879020.0	null	null	null	null	0	879020.0	0	879020.0	1.7976931348623157E308	0.0	248.8us	30	248.8us	0.0	248.8us	30	248.8us	0.0	0s	0	0s	0.0	9.185ms	101	9.185ms	0.0	9.185ms	101	9.185ms	0.0	
255	1727	9	27229	131	0	879020.0	null	null	null	null	0	879020.0	0	879020.0	1.7976931348623157E308	0.0	246.7us	30	246.7us	0.0	246.7us	30	246.7us	0.0	0s	0	0s	0.0	9.356900ms	101	9.356900ms	0.0	9.356900ms	101	9.356900ms	0.0	
256	1737	9	27360	131	0	879020.0	null	null	null	null	0	879020.0	0	879020.0	1.7976931348623157E308	0.0	247.2us	30	247.2us	0.0	247.2us	30	247.2us	0.0	0s	0	0s	0.0	9.334600ms	101	9.334600ms	0.0	9.334600ms	101	9.334600ms	0.0	
257	1747	10	27447	87	0	877976.0	null	null	null	null	0	877976.0	0	877976.0	1.7976931348623157E308	0.0	264.6us	30	264.6us	0.0	264.6us	30	264.6us	0.0	0s	0	0s	0.0	9.419500ms	57	9.419500ms	2.0836601526340143E-5	9.419500ms	57	9.419500ms	2.0836601526340143E-5	
258	1757	9	27504	57	0	877976.0	null	null	null	null	0	877976.0	0	877976.0	1.7976931348623157E308	0.0	250.5us	30	250.5us	0.0	250.5us	30	250.5us	0.0	0s	0	0s	0.0	9.347700ms	27	9.347700ms	0.0	9.347700ms	27	9.347700ms	0.0	
259	1767	9	27582	78	0	877920.0	null	null	null	null	0	877920.0	0	877920.0	1.7976931348623157E308	0.0	252.7us	30	252.7us	0.0	252.7us	30	252.7us	0.0	0s	0	0s	0.0	8.977200ms	48	8.977200ms	1.3288138476068763E-6	8.977200ms	48	8.977200ms	1.3288138476068763E-6	
260	1776	9	27713	131	0	877920.0	null	null	null	null	0	877920.0	0	877920.0	1.7976931348623157E308	0.0	247.4us	30	247.4us	0.0	247.4us	30	247.4us	0.0	0s	0	0s	0.0	9.268500ms	101	9.268500ms	0.0	9.268500ms	101	9.268500ms	0.0	
261	1786	9	27844	131	0	877920.0	null	null	null	null	0	877920.0	0	877920.0	1.7976931348623157E308	0.0	255.8us	30	255.8us	0.0	255.8us	30	255.8us	0.0	0s	0	0s	0.0	9.316900ms	101	9.316900ms	0.0	9.316900ms	101	9.316900ms	0.0	
262	1796	9	27975	131	0	877920.0	null	null	null	null	0	877920.0	0	877920.0	1.7976931348623157E308	0.0	243.5us	30	243.5us	0.0	243.5us	30	243.5us	0.0	0s	0	0s	0.0	9.234500ms	101	9.234500ms	0.0	9.234500ms	101	9.234500ms	0.0	
263	1806	9	28066	91	0	874913.0	null	null	null	null	0	874913.0	0	874913.0	1.7976931348623157E308	0.0	256.7us	30	256.7us	0.0	256.7us	30	256.7us	0.0	0s	0	0s	0.0	9.161200ms	61	9.161200ms	5.61498564416033E-5	9.161200ms	61	9.161200ms	5.61498564416033E-5	
264	1816	9	28197	131	0	874913.0	null	null	null	null	0	874913.0	0	874913.0	1.7976931348623157E308	0.0	254.2us	30	254.2us	0.0	254.2us	30	254.2us	0.0	0s	0	0s	0.0	9.056ms	101	9.056ms	0.0	9.056ms	101	9.056ms	0.0	
265	1825	9	28328	131	0	874913.0	null	null	null	null	0	874913.0	0	874913.0	1.7976931348623157E308	0.0	253.8us	30	253.8us	0.0	253.8us	30	253.8us	0.0	0s	0	0s	0.0	9.351700ms	101	9.351700ms	0.0	9.351700ms	101	9.351700ms	0.0	
266	1836	10	28459	131	0	874913.0	null	null	null	null	0	874913.0	0	874913.0	1.7976931348623157E308	0.0	258.3us	30	258.3us	0.0	258.3us	30	258.3us	0.0	0s	0	0s	0.0	9.510900ms	101	9.510900ms	0.0	9.510900ms	101	9.510900ms	0.0	
267	1845	9	28590	131	0	874913.0	null	null	null	null	0	874913.0	0	874913.0	1.7976931348623157E308	0.0	254.1us	30	254.1us	0.0	254.1us	30	254.1us	0.0	0s	0	0s	0.0	9.212300ms	101	9.212300ms	0.0	9.212300ms	101	9.212300ms	0.0	
268	1855	9	28721	131	0	874913.0	null	null	null	null	0	874913.0	0	874913.0	1.7976931348623157E308	0.0	272.1us	30	272.1us	0.0	272.1us	30	272.1us	0.0	0s	0	0s	0.0	9.168300ms	101	9.168300ms	0.0	9.168300ms	101	9.168300ms	0.0	
269	1865	9	28852	131	0	874913.0	null	null	null	null	0	874913.0	0	874913.0	1.7976931348623157E308	0.0	250.8us	30	250.8us	0.0	250.8us	30	250.8us	0.0	0s	0	0s	0.0	9.050900ms	101	9.050900ms	0.0	9.050900ms	101	9.050900ms	0.0	
270	1875	9	28983	131	0	874913.0	null	null	null	null	0	874913.0	0	874913.0	1.7976931348623157E308	0.0	249.3us	30	249.3us	0.0	249.3us	30	249.3us	0.0	0s	0	0s	0.0	9.234100ms	101	9.234100ms	0.0	9.234100ms	101	9.234100ms	0.0	
271	1884	9	29097	114	0	868801.0	null	null	null	null	0	868801.0	0	868801.0	1.7976931348623157E308	0.0	251.2us	30	251.2us	0.0	251.2us	30	251.2us	0.0	0s	0	0s	0.0	9.189400ms	84	9.189400ms	8.316473153548363E-5	9.189400ms	84	9.189400ms	8.316473153548363E-5	
272	1894	9	29228	131	0	868801.0	null	null	null	null	0	868801.0	0	868801.0	1.7976931348623157E308	0.0	245.2us	30	245.2us	0.0	245.2us	30	245.2us	0.0	0s	0	0s	0.0	9.370400ms	101	9.370400ms	0.0	9.370400ms	101	9.370400ms	0.0	
273	1904	9	29359	131	0	868801.0	null	null	null	null	0	868801.0	0	868801.0	1.7976931348623157E308	0.0	246.1us	30	246.1us	0.0	246.1us	30	246.1us	0.0	0s	0	0s	0.0	9.060900ms	101	9.060900ms	0.0	9.060900ms	101	9.060900ms	0.0	
274	1914	9	29490	131	0	868801.0	null	null	null	null	0	868801.0	0	868801.0	1.7976931348623157E308	0.0	257.1us	30	257.1us	0.0	257.1us	30	257.1us	0.0	0s	0	0s	0.0	9.127100ms	101	9.127100ms	0.0	9.127100ms	101	9.127100ms	0.0	
275	1923	9	29621	131	0	868801.0	null	null	null	null	0	868801.0	0	868801.0	1.7976931348623157E308	0.0	251.6us	30	251.6us	0.0	251.6us	30	251.6us	0.0	0s	0	0s	0.0	9.288300ms	101	9.288300ms	0.0	9.288300ms	101	9.288300ms	0.0	
276	1933	9	29690	69	0	868801.0	null	null	null	null	0	868801.0	0	868801.0	1.7976931348623157E308	0.0	250.5us	30	250.5us	0.0	250.5us	30	250.5us	0.0	0s	0	0s	0.0	8.871800ms	39	8.871800ms	0.0	8.871800ms	39	8.871800ms	0.0	
277	1943	9	29821	131	0	868801.0	null	null	null	null	0	868801.0	0	868801.0	1.7976931348623157E308	0.0	251.5us	30	251.5us	0.0	251.5us	30	251.5us	0.0	0s	0	0s	0.0	9.410700ms	101	9.410700ms	0.0	9.410700ms	101	9.410700ms	0.0	
278	1954	11	29952	131	0	868801.0	null	null	null	null	0	868801.0	0	868801.0	1.7976931348623157E308	0.0	252.7us	30	252.7us	0.0	252.7us	30	252.7us	0.0	0s	0	0s	0.0	11.074500ms	101	11.074500ms	0.0	11.074500ms	101	11.074500ms	0.0	
279	1964	9	30083	131	0	868801.0	null	null	null	null	0	868801.0	0	868801.0	1.7976931348623157E308	0.0	248.5us	30	248.5us	0.0	248.5us	30	248.5us	0.0	0s	0	0s	0.0	9.381900ms	101	9.381900ms	0.0	9.381900ms	101	9.381900ms	0.0	
280	1974	9	30214	131	0	868801.0	null	null	null	null	0	868801.0	0	868801.0	1.7976931348623157E308	0.0	255.2us	30	255.2us	0.0	255.2us	30	255.2us	0.0	0s	0	0s	0.0	9.232900ms	101	9.232900ms	0.0	9.232900ms	101	9.232900ms	0.0	
281	1984	9	30345	131	0	868801.0	null	null	null	null	0	868801.0	0	868801.0	1.7976931348623157E308	0.0	254.5us	30	254.5us	0.0	254.5us	30	254.5us	0.0	0s	0	0s	0.0	9.352ms	101	9.352ms	0.0	9.352ms	101	9.352ms	0.0	
282	1994	9	30476	131	0	868801.0	null	null	null	null	0	868801.0	0	868801.0	1.7976931348623157E308	0.0	252.4us	30	252.4us	0.0	252.4us	30	252.4us	0.0	0s	0	0s	0.0	9.091500ms	101	9.091500ms	0.0	9.091500ms	101	9.091500ms	0.0	
283	2004	9	30607	131	0	868801.0	null	null	null	null	0	868801.0	0	868801.0	1.7976931348623157E308	0.0	249.8us	30	249.8us	0.0	249.8us	30	249.8us	0.0	0s	0	0s	0.0	9.228500ms	101	9.228500ms	0.0	9.228500ms	101	9.228500ms	0.0	
284	2014	9	30738	131	0	868801.0	null	null	null	null	0	868801.0	0	868801.0	1.7976931348623157E308	0.0	250.6us	30	250.6us	0.0	250.6us	30	250.6us	0.0	0s	0	0s	0.0	9.508700ms	101	9.508700ms	0.0	9.508700ms	101	9.508700ms	0.0	
285	2023	9	30869	131	0	868801.0	null	null	null	null	0	868801.0	0	868801.0	1.7976931348623157E308	0.0	260.7us	30	260.7us	0.0	260.7us	30	260.7us	0.0	0s	0	0s	0.0	9.156ms	101	9.156ms	0.0	9.156ms	101	9.156ms	0.0	
286	2033	9	31000	131	0	868801.0	null	null	null	null	0	868801.0	0	868801.0	1.7976931348623157E308	0.0	255.6us	30	255.6us	0.0	255.6us	30	255.6us	0.0	0s	0	0s	0.0	9.090800ms	101	9.090800ms	0.0	9.090800ms	101	9.090800ms	0.0	
287	2043	9	31131	131	0	868801.0	null	null	null	null	0	868801.0	0	868801.0	1.7976931348623157E308	0.0	246.3us	30	246.3us	0.0	246.3us	30	246.3us	0.0	0s	0	0s	0.0	9.055100ms	101	9.055100ms	0.0	9.055100ms	101	9.055100ms	0.0	
288	2052	9	31262	131	0	868801.0	null	null	null	null	0	868801.0	0	868801.0	1.7976931348623157E308	0.0	252.6us	30	252.6us	0.0	252.6us	30	252.6us	0.0	0s	0	0s	0.0	9.141500ms	101	9.141500ms	0.0	9.141500ms	101	9.141500ms	0.0	
289	2062	9	31393	131	0	868801.0	null	null	null	null	0	868801.0	0	868801.0	1.7976931348623157E308	0.0	253.5us	30	253.5us	0.0	253.5us	30	253.5us	0.0	0s	0	0s	0.0	9.086800ms	101	9.086800ms	0.0	9.086800ms	101	9.086800ms	0.0	
290	2072	9	31524	131	0	868801.0	null	null	null	null	0	868801.0	0	868801.0	1.7976931348623157E308	0.0	254.1us	30	254.1us	0.0	254.1us	30	254.1us	0.0	0s	0	0s	0.0	9.244400ms	101	9.244400ms	0.0	9.244400ms	101	9.244400ms	0.0	
291	2082	9	31655	131	0	868801.0	null	null	null	null	0	868801.0	0	868801.0	1.7976931348623157E308	0.0	249.5us	30	249.5us	0.0	249.5us	30	249.5us	0.0	0s	0	0s	0.0	9.243800ms	101	9.243800ms	0.0	9.243800ms	101	9.243800ms	0.0	
292	2091	9	31786	131	0	868801.0	null	null	null	null	0	868801.0	0	868801.0	1.7976931348623157E308	0.0	248.6us	30	248.6us	0.0	248.6us	30	248.6us	0.0	0s	0	0s	0.0	9.251ms	101	9.251ms	0.0	9.251ms	101	9.251ms	0.0	
293	2102	10	31843	57	0	868801.0	null	null	null	null	0	868801.0	0	868801.0	1.7976931348623157E308	0.0	258us	30	258us	0.0	258us	30	258us	0.0	0s	0	0s	0.0	9.939800ms	27	9.939800ms	0.0	9.939800ms	27	9.939800ms	0.0	
294	2112	10	31974	131	0	868801.0	null	null	null	null	0	868801.0	0	868801.0	1.7976931348623157E308	0.0	254.5us	30	254.5us	0.0	254.5us	30	254.5us	0.0	0s	0	0s	0.0	9.471ms	101	9.471ms	0.0	9.471ms	101	9.471ms	0.0	
295	2122	9	32105	131	0	868801.0	null	null	null	null	0	868801.0	0	868801.0	1.7976931348623157E308	0.0	251.7us	30	251.7us	0.0	251.7us	30	251.7us	0.0	0s	0	0s	0.0	9.098600ms	101	9.098600ms	0.0	9.098600ms	101	9.098600ms	0.0	
296	2132	10	32236	131	0	868801.0	null	null	null	null	0	868801.0	0	868801.0	1.7976931348623157E308	0.0	272.6us	30	272.6us	0.0	272.6us	30	272.6us	0.0	0s	0	0s	0.0	9.589800ms	101	9.589800ms	0.0	9.589800ms	101	9.589800ms	0.0	
297	2141	9	32367	131	0	868801.0	null	null	null	null	0	868801.0	0	868801.0	1.7976931348623157E308	0.0	247.5us	30	247.5us	0.0	247.5us	30	247.5us	0.0	0s	0	0s	0.0	9.032100ms	101	9.032100ms	0.0	9.032100ms	101	9.032100ms	0.0	
298	2151	9	32498	131	0	868801.0	null	null	null	null	0	868801.0	0	868801.0	1.7976931348623157E308	0.0	246.1us	30	246.1us	0.0	246.1us	30	246.1us	0.0	0s	0	0s	0.0	9.262600ms	101	9.262600ms	0.0	9.262600ms	101	9.262600ms	0.0	
299	2161	9	32629	131	0	868801.0	null	null	null	null	0	868801.0	0	868801.0	1.7976931348623157E308	0.0	247.9us	30	247.9us	0.0	247.9us	30	247.9us	0.0	0s	0	0s	0.0	9.084800ms	101	9.084800ms	0.0	9.084800ms	101	9.084800ms	0.0	
300	2171	9	32760	131	0	868801.0	null	null	null	null	0	868801.0	0	868801.0	1.7976931348623157E308	0.0	256.6us	30	256.6us	0.0	256.6us	30	256.6us	0.0	0s	0	0s	0.0	9.282ms	101	9.282ms	0.0	9.282ms	101	9.282ms	0.0	
301	2180	9	32891	131	0	868801.0	null	null	null	null	0	868801.0	0	868801.0	1.7976931348623157E308	0.0	251.2us	30	251.2us	0.0	251.2us	30	251.2us	0.0	0s	0	0s	0.0	9.203900ms	101	9.203900ms	0.0	9.203900ms	101	9.203900ms	0.0	
302	2190	9	33022	131	0	868801.0	null	null	null	null	0	868801.0	0	868801.0	1.7976931348623157E308	0.0	253.2us	30	253.2us	0.0	253.2us	30	253.2us	0.0	0s	0	0s	0.0	9.284100ms	101	9.284100ms	0.0	9.284100ms	101	9.284100ms	0.0	
303	2200	10	33153	131	0	868801.0	null	null	null	null	0	868801.0	0	868801.0	1.7976931348623157E308	0.0	255.3us	30	255.3us	0.0	255.3us	30	255.3us	0.0	0s	0	0s	0.0	9.493800ms	101	9.493800ms	0.0	9.493800ms	101	9.493800ms	0.0	
304	2210	9	33284	131	0	868801.0	null	null	null	null	0	868801.0	0	868801.0	1.7976931348623157E308	0.0	247.8us	30	247.8us	0.0	247.8us	30	247.8us	0.0	0s	0	0s	0.0	8.981400ms	101	8.981400ms	0.0	8.981400ms	101	8.981400ms	0.0	
305	2220	9	33415	131	0	868801.0	null	null	null	null	0	868801.0	0	868801.0	1.7976931348623157E308	0.0	246.4us	30	246.4us	0.0	246.4us	30	246.4us	0.0	0s	0	0s	0.0	9.155600ms	101	9.155600ms	0.0	9.155600ms	101	9.155600ms	0.0	
306	2229	9	33546	131	0	868801.0	null	null	null	null	0	868801.0	0	868801.0	1.7976931348623157E308	0.0	245.6us	30	245.6us	0.0	245.6us	30	245.6us	0.0	0s	0	0s	0.0	9.075800ms	101	9.075800ms	0.0	9.075800ms	101	9.075800ms	0.0	
307	2239	9	33677	131	0	868801.0	null	null	null	null	0	868801.0	0	868801.0	1.7976931348623157E308	0.0	245.8us	30	245.8us	0.0	245.8us	30	245.8us	0.0	0s	0	0s	0.0	9.242600ms	101	9.242600ms	0.0	9.242600ms	101	9.242600ms	0.0	
308	2249	9	33808	131	0	868801.0	null	null	null	null	0	868801.0	0	868801.0	1.7976931348623157E308	0.0	252.3us	30	252.3us	0.0	252.3us	30	252.3us	0.0	0s	0	0s	0.0	9.094100ms	101	9.094100ms	0.0	9.094100ms	101	9.094100ms	0.0	
309	2258	9	33939	131	0	868801.0	null	null	null	null	0	868801.0	0	868801.0	1.7976931348623157E308	0.0	254.4us	30	254.4us	0.0	254.4us	30	254.4us	0.0	0s	0	0s	0.0	9.089200ms	101	9.089200ms	0.0	9.089200ms	101	9.089200ms	0.0	
310	2268	9	33996	57	0	868801.0	null	null	null	null	0	868801.0	0	868801.0	1.7976931348623157E308	0.0	249.4us	30	249.4us	0.0	249.4us	30	249.4us	0.0	0s	0	0s	0.0	9.035ms	27	9.035ms	0.0	9.035ms	27	9.035ms	0.0	
311	2278	9	34127	131	0	868801.0	null	null	null	null	0	868801.0	0	868801.0	1.7976931348623157E308	0.0	247.2us	30	247.2us	0.0	247.2us	30	247.2us	0.0	0s	0	0s	0.0	9.195200ms	101	9.195200ms	0.0	9.195200ms	101	9.195200ms	0.0	
312	2288	9	34258	131	0	868801.0	null	null	null	null	0	868801.0	0	868801.0	1.7976931348623157E308	0.0	260.7us	30	260.7us	0.0	260.7us	30	260.7us	0.0	0s	0	0s	0.0	9.364100ms	101	9.364100ms	0.0	9.364100ms	101	9.364100ms	0.0	
313	2298	9	34389	131	0	868801.0	null	null	null	null	0	868801.0	0	868801.0	1.7976931348623157E308	0.0	253.7us	30	253.7us	0.0	253.7us	30	253.7us	0.0	0s	0	0s	0.0	9.239600ms	101	9.239600ms	0.0	9.239600ms	101	9.239600ms	0.0	
314	2307	9	34520	131	0	868801.0	null	null	null	null	0	868801.0	0	868801.0	1.7976931348623157E308	0.0	252.2us	30	252.2us	0.0	252.2us	30	252.2us	0.0	0s	0	0s	0.0	9.021500ms	101	9.021500ms	0.0	9.021500ms	101	9.021500ms	0.0	
315	2317	9	34651	131	0	868801.0	null	null	null	null	0	868801.0	0	868801.0	1.7976931348623157E308	0.0	252.8us	30	252.8us	0.0	252.8us	30	252.8us	0.0	0s	0	0s	0.0	9.316800ms	101	9.316800ms	0.0	9.316800ms	101	9.316800ms	0.0	
316	2327	9	34782	131	0	868801.0	null	null	null	null	0	868801.0	0	868801.0	1.7976931348623157E308	0.0	251.4us	30	251.4us	0.0	251.4us	30	251.4us	0.0	0s	0	0s	0.0	9.404600ms	101	9.404600ms	0.0	9.404600ms	101	9.404600ms	0.0	
317	2337	9	34913	131	0	868801.0	null	null	null	null	0	868801.0	0	868801.0	1.7976931348623157E308	0.0	249.5us	30	249.5us	0.0	249.5us	30	249.5us	0.0	0s	0	0s	0.0	9.240900ms	101	9.240900ms	0.0	9.240900ms	101	9.240900ms	0.0	
318	2347	9	35044	131	0	868801.0	null	null	null	null	0	868801.0	0	868801.0	1.7976931348623157E308	0.0	246.7us	30	246.7us	0.0	246.7us	30	246.7us	0.0	0s	0	0s	0.0	9.263600ms	101	9.263600ms	0.0	9.263600ms	101	9.263600ms	0.0	
319	2356	9	35175	131	0	868801.0	null	null	null	null	0	868801.0	0	868801.0	1.7976931348623157E308	0.0	258.3us	30	258.3us	0.0	258.3us	30	258.3us	0.0	0s	0	0s	0.0	9.090200ms	101	9.090200ms	0.0	9.090200ms	101	9.090200ms	0.0	
320	2366	9	35306	131	0	868801.0	null	null	null	null	0	868801.0	0	868801.0	1.7976931348623157E308	0.0	253.7us	30	253.7us	0.0	253.7us	30	253.7us	0.0	0s	0	0s	0.0	9.365300ms	101	9.365300ms	0.0	9.365300ms	101	9.365300ms	0.0	
321	2377	10	35437	131	0	868801.0	null	null	null	null	0	868801.0	0	868801.0	1.7976931348623157E308	0.0	378.2us	30	378.2us	0.0	378.2us	30	378.2us	0.0	0s	0	0s	0.0	9.579100ms	101	9.579100ms	0.0	9.579100ms	101	9.579100ms	0.0	
322	2387	10	35568	131	0	868801.0	null	null	null	null	0	868801.0	0	868801.0	1.7976931348623157E308	0.0	251us	30	251us	0.0	251us	30	251us	0.0	0s	0	0s	0.0	9.722700ms	101	9.722700ms	0.0	9.722700ms	101	9.722700ms	0.0	
323	2397	10	35699	131	0	868801.0	null	null	null	null	0	868801.0	0	868801.0	1.7976931348623157E308	0.0	248.9us	30	248.9us	0.0	248.9us	30	248.9us	0.0	0s	0	0s	0.0	9.523800ms	101	9.523800ms	0.0	9.523800ms	101	9.523800ms	0.0	
324	2407	9	35830	131	0	868801.0	null	null	null	null	0	868801.0	0	868801.0	1.7976931348623157E308	0.0	246.9us	30	246.9us	0.0	246.9us	30	246.9us	0.0	0s	0	0s	0.0	9.081900ms	101	9.081900ms	0.0	9.081900ms	101	9.081900ms	0.0	
325	2417	9	35961	131	0	868801.0	null	null	null	null	0	868801.0	0	868801.0	1.7976931348623157E308	0.0	245.8us	30	245.8us	0.0	245.8us	30	245.8us	0.0	0s	0	0s	0.0	9.320700ms	101	9.320700ms	0.0	9.320700ms	101	9.320700ms	0.0	
326	2426	9	36092	131	0	868801.0	null	null	null	null	0	868801.0	0	868801.0	1.7976931348623157E308	0.0	245.8us	30	245.8us	0.0	245.8us	30	245.8us	0.0	0s	0	0s	0.0	9.391700ms	101	9.391700ms	0.0	9.391700ms	101	9.391700ms	0.0	
327	2436	9	36149	57	0	868801.0	null	null	null	null	0	868801.0	0	868801.0	1.7976931348623157E308	0.0	260.1us	30	260.1us	0.0	260.1us	30	260.1us	0.0	0s	0	0s	0.0	8.793ms	27	8.793ms	0.0	8.793ms	27	8.793ms	0.0	
328	2446	9	36280	131	0	868801.0	null	null	null	null	0	868801.0	0	868801.0	1.7976931348623157E308	0.0	243.1us	30	243.1us	0.0	243.1us	30	243.1us	0.0	0s	0	0s	0.0	9.191200ms	101	9.191200ms	0.0	9.191200ms	101	9.191200ms	0.0	
329	2455	9	36411	131	0	868801.0	null	null	null	null	0	868801.0	0	868801.0	1.7976931348623157E308	0.0	244.4us	30	244.4us	0.0	244.4us	30	244.4us	0.0	0s	0	0s	0.0	9.034800ms	101	9.034800ms	0.0	9.034800ms	101	9.034800ms	0.0	
330	2465	9	36542	131	0	868801.0	null	null	null	null	0	868801.0	0	868801.0	1.7976931348623157E308	0.0	276.3us	30	276.3us	0.0	276.3us	30	276.3us	0.0	0s	0	0s	0.0	9.246700ms	101	9.246700ms	0.0	9.246700ms	101	9.246700ms	0.0	
331	2475	9	36673	131	0	868801.0	null	null	null	null	0	868801.0	0	868801.0	1.7976931348623157E308	0.0	249.2us	30	249.2us	0.0	249.2us	30	249.2us	0.0	0s	0	0s	0.0	9.307500ms	101	9.307500ms	0.0	9.307500ms	101	9.307500ms	0.0	
332	2485	9	36804	131	0	868801.0	null	null	null	null	0	868801.0	0	868801.0	1.7976931348623157E308	0.0	256.3us	30	256.3us	0.0	256.3us	30	256.3us	0.0	0s	0	0s	0.0	9.050100ms	101	9.050100ms	0.0	9.050100ms	101	9.050100ms	0.0	
333	2494	9	36935	131	0	868801.0	null	null	null	null	0	868801.0	0	868801.0	1.7976931348623157E308	0.0	252.4us	30	252.4us	0.0	252.4us	30	252.4us	0.0	0s	0	0s	0.0	9.087ms	101	9.087ms	0.0	9.087ms	101	9.087ms	0.0	
334	2504	9	37066	131	0	868801.0	null	null	null	null	0	868801.0	0	868801.0	1.7976931348623157E308	0.0	252.4us	30	252.4us	0.0	252.4us	30	252.4us	0.0	0s	0	0s	0.0	9.184100ms	101	9.184100ms	0.0	9.184100ms	101	9.184100ms	0.0	
335	2514	9	37197	131	0	868801.0	null	null	null	null	0	868801.0	0	868801.0	1.7976931348623157E308	0.0	248.5us	30	248.5us	0.0	248.5us	30	248.5us	0.0	0s	0	0s	0.0	9.092200ms	101	9.092200ms	0.0	9.092200ms	101	9.092200ms	0.0	
336	2524	9	37328	131	0	868801.0	null	null	null	null	0	868801.0	0	868801.0	1.7976931348623157E308	0.0	249.3us	30	249.3us	0.0	249.3us	30	249.3us	0.0	0s	0	0s	0.0	9.422400ms	101	9.422400ms	0.0	9.422400ms	101	9.422400ms	0.0	
337	2533	9	37459	131	0	868801.0	null	null	null	null	0	868801.0	0	868801.0	1.7976931348623157E308	0.0	246.7us	30	246.7us	0.0	246.7us	30	246.7us	0.0	0s	0	0s	0.0	9.140400ms	101	9.140400ms	0.0	9.140400ms	101	9.140400ms	0.0	
338	2544	10	37590	131	0	868801.0	null	null	null	null	0	868801.0	0	868801.0	1.7976931348623157E308	0.0	248.9us	30	248.9us	0.0	248.9us	30	248.9us	0.0	0s	0	0s	0.0	10.311900ms	101	10.311900ms	0.0	10.311900ms	101	10.311900ms	0.0	
339	2554	10	37721	131	0	868801.0	null	null	null	null	0	868801.0	0	868801.0	1.7976931348623157E308	0.0	262.6us	30	262.6us	0.0	262.6us	30	262.6us	0.0	0s	0	0s	0.0	9.524800ms	101	9.524800ms	0.0	9.524800ms	101	9.524800ms	0.0	
340	2564	9	37852	131	0	868801.0	null	null	null	null	0	868801.0	0	868801.0	1.7976931348623157E308	0.0	260.6us	30	260.6us	0.0	260.6us	30	260.6us	0.0	0s	0	0s	0.0	9.209ms	101	9.209ms	0.0	9.209ms	101	9.209ms	0.0	
341	2574	9	37983	131	0	868801.0	null	null	null	null	0	868801.0	0	868801.0	1.7976931348623157E308	0.0	252.3us	30	252.3us	0.0	252.3us	30	252.3us	0.0	0s	0	0s	0.0	9.338500ms	101	9.338500ms	0.0	9.338500ms	101	9.338500ms	0.0	
342	2584	9	38114	131	0	868801.0	null	null	null	null	0	868801.0	0	868801.0	1.7976931348623157E308	0.0	254.1us	30	254.1us	0.0	254.1us	30	254.1us	0.0	0s	0	0s	0.0	9.115300ms	101	9.115300ms	0.0	9.115300ms	101	9.115300ms	0.0	
343	2597	13	38245	131	0	868801.0	null	null	null	null	0	868801.0	0	868801.0	1.7976931348623157E308	0.0	253.1us	30	253.1us	0.0	253.1us	30	253.1us	0.0	0s	0	0s	0.0	12.862700ms	101	12.862700ms	0.0	12.862700ms	101	12.862700ms	0.0	
344	2607	9	38302	57	0	868801.0	null	null	null	null	0	868801.0	0	868801.0	1.7976931348623157E308	0.0	246.5us	30	246.5us	0.0	246.5us	30	246.5us	0.0	0s	0	0s	0.0	9.213400ms	27	9.213400ms	0.0	9.213400ms	27	9.213400ms	0.0	
345	2617	9	38433	131	0	868801.0	null	null	null	null	0	868801.0	0	868801.0	1.7976931348623157E308	0.0	256.4us	30	256.4us	0.0	256.4us	30	256.4us	0.0	0s	0	0s	0.0	9.113100ms	101	9.113100ms	0.0	9.113100ms	101	9.113100ms	0.0	
346	2626	9	38564	131	0	868801.0	null	null	null	null	0	868801.0	0	868801.0	1.7976931348623157E308	0.0	253.3us	30	253.3us	0.0	253.3us	30	253.3us	0.0	0s	0	0s	0.0	9.287800ms	101	9.287800ms	0.0	9.287800ms	101	9.287800ms	0.0	
347	2637	10	38695	131	0	868801.0	null	null	null	null	0	868801.0	0	868801.0	1.7976931348623157E308	0.0	255.2us	30	255.2us	0.0	255.2us	30	255.2us	0.0	0s	0	0s	0.0	9.773600ms	101	9.773600ms	0.0	9.773600ms	101	9.773600ms	0.0	
348	2647	10	38826	131	0	868801.0	null	null	null	null	0	868801.0	0	868801.0	1.7976931348623157E308	0.0	255.8us	30	255.8us	0.0	255.8us	30	255.8us	0.0	0s	0	0s	0.0	9.700600ms	101	9.700600ms	0.0	9.700600ms	101	9.700600ms	0.0	
349	2657	9	38957	131	0	868801.0	null	null	null	null	0	868801.0	0	868801.0	1.7976931348623157E308	0.0	258.3us	30	258.3us	0.0	258.3us	30	258.3us	0.0	0s	0	0s	0.0	9.367200ms	101	9.367200ms	0.0	9.367200ms	101	9.367200ms	0.0	
350	2667	9	39088	131	0	868801.0	null	null	null	null	0	868801.0	0	868801.0	1.7976931348623157E308	0.0	251.2us	30	251.2us	0.0	251.2us	30	251.2us	0.0	0s	0	0s	0.0	9.065ms	101	9.065ms	0.0	9.065ms	101	9.065ms	0.0	
351	2676	9	39219	131	0	868801.0	null	null	null	null	0	868801.0	0	868801.0	1.7976931348623157E308	0.0	245.1us	30	245.1us	0.0	245.1us	30	245.1us	0.0	0s	0	0s	0.0	9.219900ms	101	9.219900ms	0.0	9.219900ms	101	9.219900ms	0.0	
352	2686	9	39350	131	0	868801.0	null	null	null	null	0	868801.0	0	868801.0	1.7976931348623157E308	0.0	258us	30	258us	0.0	258us	30	258us	0.0	0s	0	0s	0.0	9.278ms	101	9.278ms	0.0	9.278ms	101	9.278ms	0.0	
353	2697	10	39481	131	0	868801.0	null	null	null	null	0	868801.0	0	868801.0	1.7976931348623157E308	0.0	255.8us	30	255.8us	0.0	255.8us	30	255.8us	0.0	0s	0	0s	0.0	10.026900ms	101	10.026900ms	0.0	10.026900ms	101	10.026900ms	0.0	
354	2707	9	39612	131	0	868801.0	null	null	null	null	0	868801.0	0	868801.0	1.7976931348623157E308	0.0	258us	30	258us	0.0	258us	30	258us	0.0	0s	0	0s	0.0	9.374500ms	101	9.374500ms	0.0	9.374500ms	101	9.374500ms	0.0	
355	2716	9	39743	131	0	868801.0	null	null	null	null	0	868801.0	0	868801.0	1.7976931348623157E308	0.0	251.5us	30	251.5us	0.0	251.5us	30	251.5us	0.0	0s	0	0s	0.0	9.081200ms	101	9.081200ms	0.0	9.081200ms	101	9.081200ms	0.0	
356	2726	9	39874	131	0	868801.0	null	null	null	null	0	868801.0	0	868801.0	1.7976931348623157E308	0.0	251.3us	30	251.3us	0.0	251.3us	30	251.3us	0.0	0s	0	0s	0.0	9.187800ms	101	9.187800ms	0.0	9.187800ms	101	9.187800ms	0.0	
357	2737	10	40005	131	0	868801.0	null	null	null	null	0	868801.0	0	868801.0	1.7976931348623157E308	0.0	269.3us	30	269.3us	0.0	269.3us	30	269.3us	0.0	0s	0	0s	0.0	10.345400ms	101	10.345400ms	0.0	10.345400ms	101	10.345400ms	0.0	
358	2747	9	40136	131	0	868801.0	null	null	null	null	0	868801.0	0	868801.0	1.7976931348623157E308	0.0	252.6us	30	252.6us	0.0	252.6us	30	252.6us	0.0	0s	0	0s	0.0	9.346300ms	101	9.346300ms	0.0	9.346300ms	101	9.346300ms	0.0	
359	2757	9	40267	131	0	868801.0	null	null	null	null	0	868801.0	0	868801.0	1.7976931348623157E308	0.0	255.6us	30	255.6us	0.0	255.6us	30	255.6us	0.0	0s	0	0s	0.0	9.176300ms	101	9.176300ms	0.0	9.176300ms	101	9.176300ms	0.0	
360	2766	9	40398	131	0	868801.0	null	null	null	null	0	868801.0	0	868801.0	1.7976931348623157E308	0.0	254us	30	254us	0.0	254us	30	254us	0.0	0s	0	0s	0.0	9.210600ms	101	9.210600ms	0.0	9.210600ms	101	9.210600ms	0.0	
361	2776	9	40455	57	0	868801.0	null	null	null	null	0	868801.0	0	868801.0	1.7976931348623157E308	0.0	250.4us	30	250.4us	0.0	250.4us	30	250.4us	0.0	0s	0	0s	0.0	8.883300ms	27	8.883300ms	0.0	8.883300ms	27	8.883300ms	0.0	
362	2786	10	40586	131	0	868801.0	null	null	null	null	0	868801.0	0	868801.0	1.7976931348623157E308	0.0	245.4us	30	245.4us	0.0	245.4us	30	245.4us	0.0	0s	0	0s	0.0	9.419500ms	101	9.419500ms	0.0	9.419500ms	101	9.419500ms	0.0	
363	2795	9	40717	131	0	868801.0	null	null	null	null	0	868801.0	0	868801.0	1.7976931348623157E308	0.0	245.7us	30	245.7us	0.0	245.7us	30	245.7us	0.0	0s	0	0s	0.0	8.876700ms	101	8.876700ms	0.0	8.876700ms	101	8.876700ms	0.0	
364	2805	9	40848	131	0	868801.0	null	null	null	null	0	868801.0	0	868801.0	1.7976931348623157E308	0.0	245.1us	30	245.1us	0.0	245.1us	30	245.1us	0.0	0s	0	0s	0.0	9.187700ms	101	9.187700ms	0.0	9.187700ms	101	9.187700ms	0.0	
365	2815	9	40979	131	0	868801.0	null	null	null	null	0	868801.0	0	868801.0	1.7976931348623157E308	0.0	257.9us	30	257.9us	0.0	257.9us	30	257.9us	0.0	0s	0	0s	0.0	8.994700ms	101	8.994700ms	0.0	8.994700ms	101	8.994700ms	0.0	
366	2826	11	41110	131	0	868801.0	null	null	null	null	0	868801.0	0	868801.0	1.7976931348623157E308	0.0	262.4us	30	262.4us	0.0	262.4us	30	262.4us	0.0	0s	0	0s	0.0	10.777200ms	101	10.777200ms	0.0	10.777200ms	101	10.777200ms	0.0	
367	2835	9	41241	131	0	868801.0	null	null	null	null	0	868801.0	0	868801.0	1.7976931348623157E308	0.0	252.5us	30	252.5us	0.0	252.5us	30	252.5us	0.0	0s	0	0s	0.0	9.002700ms	101	9.002700ms	0.0	9.002700ms	101	9.002700ms	0.0	
368	2845	9	41372	131	0	868801.0	null	null	null	null	0	868801.0	0	868801.0	1.7976931348623157E308	0.0	247.6us	30	247.6us	0.0	247.6us	30	247.6us	0.0	0s	0	0s	0.0	9.423100ms	101	9.423100ms	0.0	9.423100ms	101	9.423100ms	0.0	
369	2855	9	41503	131	0	868801.0	null	null	null	null	0	868801.0	0	868801.0	1.7976931348623157E308	0.0	250.1us	30	250.1us	0.0	250.1us	30	250.1us	0.0	0s	0	0s	0.0	9.182700ms	101	9.182700ms	0.0	9.182700ms	101	9.182700ms	0.0	
370	2865	9	41634	131	0	868801.0	null	null	null	null	0	868801.0	0	868801.0	1.7976931348623157E308	0.0	249.6us	30	249.6us	0.0	249.6us	30	249.6us	0.0	0s	0	0s	0.0	9.307200ms	101	9.307200ms	0.0	9.307200ms	101	9.307200ms	0.0	
371	2875	9	41765	131	0	868801.0	null	null	null	null	0	868801.0	0	868801.0	1.7976931348623157E308	0.0	245.9us	30	245.9us	0.0	245.9us	30	245.9us	0.0	0s	0	0s	0.0	9.138600ms	101	9.138600ms	0.0	9.138600ms	101	9.138600ms	0.0	
372	2884	9	41896	131	0	868801.0	null	null	null	null	0	868801.0	0	868801.0	1.7976931348623157E308	0.0	255.5us	30	255.5us	0.0	255.5us	30	255.5us	0.0	0s	0	0s	0.0	9.01ms	101	9.01ms	0.0	9.01ms	101	9.01ms	0.0	
373	2894	9	42027	131	0	868801.0	null	null	null	null	0	868801.0	0	868801.0	1.7976931348623157E308	0.0	252.4us	30	252.4us	0.0	252.4us	30	252.4us	0.0	0s	0	0s	0.0	8.991300ms	101	8.991300ms	0.0	8.991300ms	101	8.991300ms	0.0	
374	2904	9	42158	131	0	868801.0	null	null	null	null	0	868801.0	0	868801.0	1.7976931348623157E308	0.0	253.2us	30	253.2us	0.0	253.2us	30	253.2us	0.0	0s	0	0s	0.0	9.258600ms	101	9.258600ms	0.0	9.258600ms	101	9.258600ms	0.0	
375	2914	10	42289	131	0	868801.0	null	null	null	null	0	868801.0	0	868801.0	1.7976931348623157E308	0.0	243us	30	243us	0.0	243us	30	243us	0.0	0s	0	0s	0.0	9.478300ms	101	9.478300ms	0.0	9.478300ms	101	9.478300ms	0.0	
376	2924	9	42420	131	0	868801.0	null	null	null	null	0	868801.0	0	868801.0	1.7976931348623157E308	0.0	253.5us	30	253.5us	0.0	253.5us	30	253.5us	0.0	0s	0	0s	0.0	9.390600ms	101	9.390600ms	0.0	9.390600ms	101	9.390600ms	0.0	
377	2933	9	42551	131	0	868801.0	null	null	null	null	0	868801.0	0	868801.0	1.7976931348623157E308	0.0	247.5us	30	247.5us	0.0	247.5us	30	247.5us	0.0	0s	0	0s	0.0	8.973600ms	101	8.973600ms	0.0	8.973600ms	101	8.973600ms	0.0	
378	2943	9	42608	57	0	868801.0	null	null	null	null	0	868801.0	0	868801.0	1.7976931348623157E308	0.0	256.3us	30	256.3us	0.0	256.3us	30	256.3us	0.0	0s	0	0s	0.0	8.940400ms	27	8.940400ms	0.0	8.940400ms	27	8.940400ms	0.0	
379	2953	9	42739	131	0	868801.0	null	null	null	null	0	868801.0	0	868801.0	1.7976931348623157E308	0.0	253.3us	30	253.3us	0.0	253.3us	30	253.3us	0.0	0s	0	0s	0.0	9.194700ms	101	9.194700ms	0.0	9.194700ms	101	9.194700ms	0.0	
380	2963	9	42870	131	0	868801.0	null	null	null	null	0	868801.0	0	868801.0	1.7976931348623157E308	0.0	252.2us	30	252.2us	0.0	252.2us	30	252.2us	0.0	0s	0	0s	0.0	9.214200ms	101	9.214200ms	0.0	9.214200ms	101	9.214200ms	0.0	
381	2972	9	43001	131	0	868801.0	null	null	null	null	0	868801.0	0	868801.0	1.7976931348623157E308	0.0	250.6us	30	250.6us	0.0	250.6us	30	250.6us	0.0	0s	0	0s	0.0	9.353400ms	101	9.353400ms	0.0	9.353400ms	101	9.353400ms	0.0	
382	2982	9	43132	131	0	868801.0	null	null	null	null	0	868801.0	0	868801.0	1.7976931348623157E308	0.0	247.9us	30	247.9us	0.0	247.9us	30	247.9us	0.0	0s	0	0s	0.0	9.275200ms	101	9.275200ms	0.0	9.275200ms	101	9.275200ms	0.0	
383	2992	9	43263	131	0	868801.0	null	null	null	null	0	868801.0	0	868801.0	1.7976931348623157E308	0.0	246.2us	30	246.2us	0.0	246.2us	30	246.2us	0.0	0s	0	0s	0.0	9.148ms	101	9.148ms	0.0	9.148ms	101	9.148ms	0.0	
384	3002	10	43394	131	0	868801.0	null	null	null	null	0	868801.0	0	868801.0	1.7976931348623157E308	0.0	246us	30	246us	0.0	246us	30	246us	0.0	0s	0	0s	0.0	9.574100ms	101	9.574100ms	0.0	9.574100ms	101	9.574100ms	0.0	
385	3012	9	43525	131	0	868801.0	null	null	null	null	0	868801.0	0	868801.0	1.7976931348623157E308	0.0	261.8us	30	261.8us	0.0	261.8us	30	261.8us	0.0	0s	0	0s	0.0	9.328300ms	101	9.328300ms	0.0	9.328300ms	101	9.328300ms	0.0	
386	3022	9	43656	131	0	868801.0	null	null	null	null	0	868801.0	0	868801.0	1.7976931348623157E308	0.0	254.4us	30	254.4us	0.0	254.4us	30	254.4us	0.0	0s	0	0s	0.0	9.260500ms	101	9.260500ms	0.0	9.260500ms	101	9.260500ms	0.0	
387	3032	9	43787	131	0	868801.0	null	null	null	null	0	868801.0	0	868801.0	1.7976931348623157E308	0.0	255.7us	30	255.7us	0.0	255.7us	30	255.7us	0.0	0s	0	0s	0.0	9.096600ms	101	9.096600ms	0.0	9.096600ms	101	9.096600ms	0.0	
388	3041	9	43918	131	0	868801.0	null	null	null	null	0	868801.0	0	868801.0	1.7976931348623157E308	0.0	249.8us	30	249.8us	0.0	249.8us	30	249.8us	0.0	0s	0	0s	0.0	9.127700ms	101	9.127700ms	0.0	9.127700ms	101	9.127700ms	0.0	
389	3051	9	44049	131	0	868801.0	null	null	null	null	0	868801.0	0	868801.0	1.7976931348623157E308	0.0	247us	30	247us	0.0	247us	30	247us	0.0	0s	0	0s	0.0	9.107700ms	101	9.107700ms	0.0	9.107700ms	101	9.107700ms	0.0	
390	3065	13	44180	131	0	868801.0	null	null	null	null	0	868801.0	0	868801.0	1.7976931348623157E308	0.0	220.7us	30	220.7us	0.0	220.7us	30	220.7us	0.0	0s	0	0s	0.0	13.123200ms	101	13.123200ms	0.0	13.123200ms	101	13.123200ms	0.0	
391	3074	9	44311	131	0	868801.0	null	null	null	null	0	868801.0	0	868801.0	1.7976931348623157E308	0.0	247.8us	30	247.8us	0.0	247.8us	30	247.8us	0.0	0s	0	0s	0.0	9.139800ms	101	9.139800ms	0.0	9.139800ms	101	9.139800ms	0.0	
392	3084	9	44442	131	0	868801.0	null	null	null	null	0	868801.0	0	868801.0	1.7976931348623157E308	0.0	243.4us	30	243.4us	0.0	243.4us	30	243.4us	0.0	0s	0	0s	0.0	9.142800ms	101	9.142800ms	0.0	9.142800ms	101	9.142800ms	0.0	
393	3094	9	44573	131	0	868801.0	null	null	null	null	0	868801.0	0	868801.0	1.7976931348623157E308	0.0	243.3us	30	243.3us	0.0	243.3us	30	243.3us	0.0	0s	0	0s	0.0	9.181900ms	101	9.181900ms	0.0	9.181900ms	101	9.181900ms	0.0	
394	3104	9	44704	131	0	868801.0	null	null	null	null	0	868801.0	0	868801.0	1.7976931348623157E308	0.0	261.2us	30	261.2us	0.0	261.2us	30	261.2us	0.0	0s	0	0s	0.0	9.422600ms	101	9.422600ms	0.0	9.422600ms	101	9.422600ms	0.0	
395	3113	9	44761	57	0	868801.0	null	null	null	null	0	868801.0	0	868801.0	1.7976931348623157E308	0.0	250.5us	30	250.5us	0.0	250.5us	30	250.5us	0.0	0s	0	0s	0.0	8.924800ms	27	8.924800ms	0.0	8.924800ms	27	8.924800ms	0.0	
396	3123	9	44892	131	0	868801.0	null	null	null	null	0	868801.0	0	868801.0	1.7976931348623157E308	0.0	245.4us	30	245.4us	0.0	245.4us	30	245.4us	0.0	0s	0	0s	0.0	9.245600ms	101	9.245600ms	0.0	9.245600ms	101	9.245600ms	0.0	
397	3133	9	45023	131	0	868801.0	null	null	null	null	0	868801.0	0	868801.0	1.7976931348623157E308	0.0	259.8us	30	259.8us	0.0	259.8us	30	259.8us	0.0	0s	0	0s	0.0	9.213ms	101	9.213ms	0.0	9.213ms	101	9.213ms	0.0	
398	3143	9	45154	131	0	868801.0	null	null	null	null	0	868801.0	0	868801.0	1.7976931348623157E308	0.0	251.6us	30	251.6us	0.0	251.6us	30	251.6us	0.0	0s	0	0s	0.0	9.245200ms	101	9.245200ms	0.0	9.245200ms	101	9.245200ms	0.0	
399	3153	9	45285	131	0	868801.0	null	null	null	null	0	868801.0	0	868801.0	1.7976931348623157E308	0.0	251us	30	251us	0.0	251us	30	251us	0.0	0s	0	0s	0.0	9.364800ms	101	9.364800ms	0.0	9.364800ms	101	9.364800ms	0.0	
400	3162	9	45416	131	0	868801.0	null	null	null	null	0	868801.0	0	868801.0	1.7976931348623157E308	0.0	251.3us	30	251.3us	0.0	251.3us	30	251.3us	0.0	0s	0	0s	0.0	9.146700ms	101	9.146700ms	0.0	9.146700ms	101	9.146700ms	0.0	
401	3172	9	45547	131	0	868801.0	null	null	null	null	0	868801.0	0	868801.0	1.7976931348623157E308	0.0	251.5us	30	251.5us	0.0	251.5us	30	251.5us	0.0	0s	0	0s	0.0	9.205900ms	101	9.205900ms	0.0	9.205900ms	101	9.205900ms	0.0	
402	3182	9	45678	131	0	868801.0	null	null	null	null	0	868801.0	0	868801.0	1.7976931348623157E308	0.0	245.8us	30	245.8us	0.0	245.8us	30	245.8us	0.0	0s	0	0s	0.0	9.151300ms	101	9.151300ms	0.0	9.151300ms	101	9.151300ms	0.0	
403	3192	9	45809	131	0	868801.0	null	null	null	null	0	868801.0	0	868801.0	1.7976931348623157E308	0.0	252.3us	30	252.3us	0.0	252.3us	30	252.3us	0.0	0s	0	0s	0.0	9.401700ms	101	9.401700ms	0.0	9.401700ms	101	9.401700ms	0.0	
404	3202	9	45940	131	0	868801.0	null	null	null	null	0	868801.0	0	868801.0	1.7976931348623157E308	0.0	257.1us	30	257.1us	0.0	257.1us	30	257.1us	0.0	0s	0	0s	0.0	9.222900ms	101	9.222900ms	0.0	9.222900ms	101	9.222900ms	0.0	
405	3212	9	46071	131	0	868801.0	null	null	null	null	0	868801.0	0	868801.0	1.7976931348623157E308	0.0	259.3us	30	259.3us	0.0	259.3us	30	259.3us	0.0	0s	0	0s	0.0	9.325300ms	101	9.325300ms	0.0	9.325300ms	101	9.325300ms	0.0	
406	3222	10	46202	131	0	868801.0	null	null	null	null	0	868801.0	0	868801.0	1.7976931348623157E308	0.0	253us	30	253us	0.0	253us	30	253us	0.0	0s	0	0s	0.0	9.432800ms	101	9.432800ms	0.0	9.432800ms	101	9.432800ms	0.0	
407	3231	9	46333	131	0	868801.0	null	null	null	null	0	868801.0	0	868801.0	1.7976931348623157E308	0.0	256.9us	30	256.9us	0.0	256.9us	30	256.9us	0.0	0s	0	0s	0.0	9.197900ms	101	9.197900ms	0.0	9.197900ms	101	9.197900ms	0.0	
408	3241	10	46464	131	0	868801.0	null	null	null	null	0	868801.0	0	868801.0	1.7976931348623157E308	0.0	250.2us	30	250.2us	0.0	250.2us	30	250.2us	0.0	0s	0	0s	0.0	9.437400ms	101	9.437400ms	0.0	9.437400ms	101	9.437400ms	0.0	
409	3251	9	46595	131	0	868801.0	null	null	null	null	0	868801.0	0	868801.0	1.7976931348623157E308	0.0	248.4us	30	248.4us	0.0	248.4us	30	248.4us	0.0	0s	0	0s	0.0	9.226500ms	101	9.226500ms	0.0	9.226500ms	101	9.226500ms	0.0	
410	3261	9	46726	131	0	868801.0	null	null	null	null	0	868801.0	0	868801.0	1.7976931348623157E308	0.0	248.2us	30	248.2us	0.0	248.2us	30	248.2us	0.0	0s	0	0s	0.0	9.112800ms	101	9.112800ms	0.0	9.112800ms	101	9.112800ms	0.0	
411	3271	9	46857	131	0	868801.0	null	null	null	null	0	868801.0	0	868801.0	1.7976931348623157E308	0.0	256.5us	30	256.5us	0.0	256.5us	30	256.5us	0.0	0s	0	0s	0.0	9.150600ms	101	9.150600ms	0.0	9.150600ms	101	9.150600ms	0.0	
412	3280	9	46914	57	0	868801.0	null	null	null	null	0	868801.0	0	868801.0	1.7976931348623157E308	0.0	265.4us	30	265.4us	0.0	265.4us	30	265.4us	0.0	0s	0	0s	0.0	9.192600ms	27	9.192600ms	0.0	9.192600ms	27	9.192600ms	0.0	
413	3290	9	47045	131	0	868801.0	null	null	null	null	0	868801.0	0	868801.0	1.7976931348623157E308	0.0	250.9us	30	250.9us	0.0	250.9us	30	250.9us	0.0	0s	0	0s	0.0	9.175200ms	101	9.175200ms	0.0	9.175200ms	101	9.175200ms	0.0	
414	3300	9	47176	131	0	868801.0	null	null	null	null	0	868801.0	0	868801.0	1.7976931348623157E308	0.0	242.3us	30	242.3us	0.0	242.3us	30	242.3us	0.0	0s	0	0s	0.0	9.182100ms	101	9.182100ms	0.0	9.182100ms	101	9.182100ms	0.0	
415	3310	10	47307	131	0	868801.0	null	null	null	null	0	868801.0	0	868801.0	1.7976931348623157E308	0.0	249.2us	30	249.2us	0.0	249.2us	30	249.2us	0.0	0s	0	0s	0.0	9.726700ms	101	9.726700ms	0.0	9.726700ms	101	9.726700ms	0.0	
416	3320	9	47438	131	0	868801.0	null	null	null	null	0	868801.0	0	868801.0	1.7976931348623157E308	0.0	247.9us	30	247.9us	0.0	247.9us	30	247.9us	0.0	0s	0	0s	0.0	9.212200ms	101	9.212200ms	0.0	9.212200ms	101	9.212200ms	0.0	
417	3330	9	47569	131	0	868801.0	null	null	null	null	0	868801.0	0	868801.0	1.7976931348623157E308	0.0	256.4us	30	256.4us	0.0	256.4us	30	256.4us	0.0	0s	0	0s	0.0	9.107400ms	101	9.107400ms	0.0	9.107400ms	101	9.107400ms	0.0	
418	3339	9	47700	131	0	868801.0	null	null	null	null	0	868801.0	0	868801.0	1.7976931348623157E308	0.0	253us	30	253us	0.0	253us	30	253us	0.0	0s	0	0s	0.0	9.205900ms	101	9.205900ms	0.0	9.205900ms	101	9.205900ms	0.0	
419	3349	9	47831	131	0	868801.0	null	null	null	null	0	868801.0	0	868801.0	1.7976931348623157E308	0.0	252.1us	30	252.1us	0.0	252.1us	30	252.1us	0.0	0s	0	0s	0.0	9.159900ms	101	9.159900ms	0.0	9.159900ms	101	9.159900ms	0.0	
420	3359	9	47962	131	0	868801.0	null	null	null	null	0	868801.0	0	868801.0	1.7976931348623157E308	0.0	250.3us	30	250.3us	0.0	250.3us	30	250.3us	0.0	0s	0	0s	0.0	9.073200ms	101	9.073200ms	0.0	9.073200ms	101	9.073200ms	0.0	
421	3370	10	48093	131	0	868801.0	null	null	null	null	0	868801.0	0	868801.0	1.7976931348623157E308	0.0	248.5us	30	248.5us	0.0	248.5us	30	248.5us	0.0	0s	0	0s	0.0	10.328100ms	101	10.328100ms	0.0	10.328100ms	101	10.328100ms	0.0	
422	3380	9	48224	131	0	868801.0	null	null	null	null	0	868801.0	0	868801.0	1.7976931348623157E308	0.0	245.9us	30	245.9us	0.0	245.9us	30	245.9us	0.0	0s	0	0s	0.0	9.254100ms	101	9.254100ms	0.0	9.254100ms	101	9.254100ms	0.0	
423	3389	9	48355	131	0	868801.0	null	null	null	null	0	868801.0	0	868801.0	1.7976931348623157E308	0.0	244.5us	30	244.5us	0.0	244.5us	30	244.5us	0.0	0s	0	0s	0.0	9.144200ms	101	9.144200ms	0.0	9.144200ms	101	9.144200ms	0.0	
424	3399	9	48486	131	0	868801.0	null	null	null	null	0	868801.0	0	868801.0	1.7976931348623157E308	0.0	256.7us	30	256.7us	0.0	256.7us	30	256.7us	0.0	0s	0	0s	0.0	9.179400ms	101	9.179400ms	0.0	9.179400ms	101	9.179400ms	0.0	
425	3409	9	48617	131	0	868801.0	null	null	null	null	0	868801.0	0	868801.0	1.7976931348623157E308	0.0	252.9us	30	252.9us	0.0	252.9us	30	252.9us	0.0	0s	0	0s	0.0	9.211800ms	101	9.211800ms	0.0	9.211800ms	101	9.211800ms	0.0	
426	3419	9	48748	131	0	868801.0	null	null	null	null	0	868801.0	0	868801.0	1.7976931348623157E308	0.0	250.5us	30	250.5us	0.0	250.5us	30	250.5us	0.0	0s	0	0s	0.0	9.323900ms	101	9.323900ms	0.0	9.323900ms	101	9.323900ms	0.0	
427	3429	9	48879	131	0	868801.0	null	null	null	null	0	868801.0	0	868801.0	1.7976931348623157E308	0.0	253.8us	30	253.8us	0.0	253.8us	30	253.8us	0.0	0s	0	0s	0.0	9.202700ms	101	9.202700ms	0.0	9.202700ms	101	9.202700ms	0.0	
428	3438	9	49010	131	0	868801.0	null	null	null	null	0	868801.0	0	868801.0	1.7976931348623157E308	0.0	249.5us	30	249.5us	0.0	249.5us	30	249.5us	0.0	0s	0	0s	0.0	9.133600ms	101	9.133600ms	0.0	9.133600ms	101	9.133600ms	0.0	
429	3448	9	49067	57	0	868801.0	null	null	null	null	0	868801.0	0	868801.0	1.7976931348623157E308	0.0	247.1us	30	247.1us	0.0	247.1us	30	247.1us	0.0	0s	0	0s	0.0	8.975500ms	27	8.975500ms	0.0	8.975500ms	27	8.975500ms	0.0	
430	3458	10	49198	131	0	868801.0	null	null	null	null	0	868801.0	0	868801.0	1.7976931348623157E308	0.0	263.5us	30	263.5us	0.0	263.5us	30	263.5us	0.0	0s	0	0s	0.0	9.991300ms	101	9.991300ms	0.0	9.991300ms	101	9.991300ms	0.0	
431	3469	10	49329	131	0	868801.0	null	null	null	null	0	868801.0	0	868801.0	1.7976931348623157E308	0.0	255.4us	30	255.4us	0.0	255.4us	30	255.4us	0.0	0s	0	0s	0.0	9.733ms	101	9.733ms	0.0	9.733ms	101	9.733ms	0.0	
432	3478	9	49460	131	0	868801.0	null	null	null	null	0	868801.0	0	868801.0	1.7976931348623157E308	0.0	252.8us	30	252.8us	0.0	252.8us	30	252.8us	0.0	0s	0	0s	0.0	9.135600ms	101	9.135600ms	0.0	9.135600ms	101	9.135600ms	0.0	
433	3488	9	49591	131	0	868801.0	null	null	null	null	0	868801.0	0	868801.0	1.7976931348623157E308	0.0	240.8us	30	240.8us	0.0	240.8us	30	240.8us	0.0	0s	0	0s	0.0	9.279600ms	101	9.279600ms	0.0	9.279600ms	101	9.279600ms	0.0	
434	3498	9	49722	131	0	868801.0	null	null	null	null	0	868801.0	0	868801.0	1.7976931348623157E308	0.0	255.3us	30	255.3us	0.0	255.3us	30	255.3us	0.0	0s	0	0s	0.0	9.108300ms	101	9.108300ms	0.0	9.108300ms	101	9.108300ms	0.0	
435	3508	9	49853	131	0	868801.0	null	null	null	null	0	868801.0	0	868801.0	1.7976931348623157E308	0.0	249.6us	30	249.6us	0.0	249.6us	30	249.6us	0.0	0s	0	0s	0.0	9.397900ms	101	9.397900ms	0.0	9.397900ms	101	9.397900ms	0.0	
436	3518	9	49984	131	0	868801.0	null	null	null	null	0	868801.0	0	868801.0	1.7976931348623157E308	0.0	241.9us	30	241.9us	0.0	241.9us	30	241.9us	0.0	0s	0	0s	0.0	9.162800ms	101	9.162800ms	0.0	9.162800ms	101	9.162800ms	0.0	
437	3527	9	50115	131	0	868801.0	null	null	null	null	0	868801.0	0	868801.0	1.7976931348623157E308	0.0	256.3us	30	256.3us	0.0	256.3us	30	256.3us	0.0	0s	0	0s	0.0	9.135ms	101	9.135ms	0.0	9.135ms	101	9.135ms	0.0	
